805 
984 892 985 898 
703 408 709 409 
961 514 974 514 
687 780 693 781 
999 285 999 296 
940 916 946 917 
984 827 984 840 
999 781 999 794 
985 564 986 570 
984 971 984 984 
982 746 993 746 
506 74 506 86 
979 987 980 993 
167 992 180 992 
924 390 929 391 
686 977 687 983 
810 998 815 999 
930 998 943 998 
290 998 303 998 
711 991 713 994 
507 980 507 991 
445 994 451 995 
995 971 998 973 
152 771 164 771 
145 981 156 981 
281 193 287 194 
935 880 935 893 
942 996 953 996 
670 952 670 964 
849 822 861 822 
934 892 934 905 
951 564 951 577 
958 985 958 997 
377 996 390 996 
555 591 556 597 
969 985 970 991 
189 663 201 663 
199 965 202 967 
887 998 892 999 
994 975 995 981 
813 899 818 900 
984 513 986 516 
730 911 742 911 
803 988 809 989 
709 917 721 917 
502 728 502 740 
969 929 974 930 
878 335 884 336 
897 424 903 425 
906 916 906 927 
742 451 748 452 
842 477 854 477 
973 971 974 976 
997 23 999 26 
871 879 883 879 
431 871 434 873 
582 762 595 762 
484 967 489 968 
935 967 941 968 
901 831 914 831 
402 817 415 817 
221 996 234 996 
917 976 929 976 
999 885 999 898 
953 999 966 999 
271 995 276 996 
965 984 978 984 
406 941 408 944 
959 865 970 865 
678 503 680 506 
996 993 997 999 
910 253 911 259 
986 996 992 997 
960 838 961 844 
975 995 988 995 
994 806 995 811 
889 164 895 165 
989 891 995 892 
892 953 897 954 
964 984 964 996 
327 985 333 986 
672 120 672 132 
981 999 994 999 
861 961 866 962 
900 832 902 835 
925 999 937 999 
743 991 744 997 
989 949 989 960 
481 989 482 995 
987 98 999 98 
934 369 934 381 
236 890 237 896 
993 974 993 986 
787 986 788 991 
89 995 101 995 
813 953 814 959 
994 986 996 989 
649 991 655 992 
868 874 880 874 
841 959 841 971 
917 734 917 747 
992 944 992 957 
867 981 867 994 
764 549 770 550 
645 988 658 988 
930 972 936 973 
746 893 747 899 
749 995 754 996 
997 986 998 992 
698 179 698 190 
188 931 194 932 
566 986 577 986 
951 87 964 87 
889 149 889 162 
806 992 812 993 
415 996 426 996 
274 114 287 114 
927 450 927 463 
991 908 991 920 
854 650 854 663 
926 791 927 797 
978 150 991 150 
976 381 989 381 
983 966 983 979 
693 532 699 533 
991 519 991 532 
970 743 970 756 
998 836 999 842 
976 968 982 969 
649 954 662 954 
972 983 983 983 
981 436 982 442 
681 660 687 661 
858 760 869 760 
985 633 988 635 
987 987 988 993 
939 981 939 994 
982 4 983 10 
942 931 943 936 
948 350 954 351 
957 935 963 936 
836 987 842 988 
989 983 992 985 
970 210 976 211 
990 777 995 778 
76 982 89 982 
996 911 996 924 
162 714 175 714 
785 558 785 569 
559 995 572 995 
999 980 999 993 
808 145 809 150 
782 834 782 847 
967 903 970 905 
959 67 959 80 
766 781 767 787 
994 729 994 741 
741 746 752 746 
864 880 876 880 
977 867 982 868 
965 684 971 685 
801 378 813 378 
610 711 612 714 
988 161 988 174 
982 899 995 899 
983 949 986 951 
983 629 989 630 
997 861 998 867 
905 564 905 577 
815 511 816 516 
477 986 480 988 
972 907 985 907 
692 238 692 249 
886 968 886 981 
628 606 629 612 
393 815 399 816 
952 476 953 482 
705 995 711 996 
767 997 779 997 
697 208 698 213 
917 55 930 55 
503 862 514 862 
978 792 990 792 
908 980 910 983 
257 963 258 969 
226 946 227 952 
937 927 938 933 
988 718 988 730 
793 952 805 952 
934 965 945 965 
990 690 992 693 
813 169 814 174 
889 874 890 880 
742 836 754 836 
415 970 428 970 
996 979 997 984 
717 993 719 996 
997 377 998 383 
215 909 215 921 
821 986 822 991 
527 484 540 484 
984 863 989 864 
516 724 517 729 
512 944 514 947 
813 755 813 768 
878 90 884 91 
950 910 951 915 
873 983 874 989 
654 985 660 986 
996 15 996 28 
645 601 645 614 
825 318 826 324 
981 910 981 922 
611 967 616 968 
386 993 397 993 
998 266 998 279 
850 947 856 948 
992 963 992 975 
173 700 173 713 
712 976 724 976 
290 109 293 111 
637 132 643 133 
620 656 632 656 
986 648 986 660 
748 862 749 867 
749 717 749 729 
744 725 744 738 
973 440 976 442 
983 55 983 68 
794 993 805 993 
674 960 675 966 
977 392 982 393 
833 771 836 773 
410 968 413 970 
978 845 979 851 
518 996 524 997 
599 539 604 540 
944 611 945 617 
696 984 697 990 
676 880 682 881 
319 820 319 833 
906 718 906 731 
714 981 714 994 
997 312 997 324 
982 214 988 215 
857 94 870 94 
897 997 910 997 
989 14 995 15 
955 730 967 730 
989 419 990 424 
61 362 72 362 
849 790 862 790 
912 757 913 762 
900 844 912 844 
994 911 994 924 
993 942 994 948 
121 846 121 859 
718 972 729 972 
977 282 977 293 
555 990 557 993 
985 959 985 972 
962 967 975 967 
173 996 179 997 
58 806 61 808 
997 823 997 835 
997 760 997 771 
982 537 993 537 
874 999 885 999 
985 277 991 278 
611 977 612 983 
977 713 979 716 
979 830 979 841 
751 936 757 937 
997 638 998 643 
870 869 883 869 
400 987 413 987 
709 731 709 742 
921 955 933 955 
767 992 778 992 
909 975 921 975 
980 934 985 935 
822 995 828 996 
985 673 998 673 
958 796 960 799 
296 999 309 999 
975 880 987 880 
992 243 993 249 
652 846 655 848 
973 320 974 326 
328 966 339 966 
598 999 609 999 
861 798 862 803 
989 702 989 714 
945 420 945 433 
990 941 991 947 
814 980 827 980 
922 994 935 994 
459 891 465 892 
500 852 506 853 
994 262 995 268 
929 465 929 477 
694 452 699 453 
931 943 932 949 
836 212 836 224 
999 488 999 501 
982 467 982 480 
964 975 967 977 
903 242 909 243 
735 987 746 987 
129 998 140 998 
524 181 530 182 
974 824 987 824 
964 914 965 920 
994 283 994 295 
995 249 997 252 
78 558 90 558 
949 967 955 968 
390 842 401 842 
738 962 751 962 
968 420 973 421 
229 857 242 857 
947 998 952 999 
997 392 997 404 
952 787 953 793 
995 150 995 163 
793 999 806 999 
689 986 690 991 
526 984 527 989 
889 984 902 984 
992 794 998 795 
50 968 51 974 
126 973 132 974 
970 458 971 463 
970 953 976 954 
956 944 969 944 
695 956 708 956 
974 996 985 996 
937 939 938 945 
494 962 494 974 
986 940 988 943 
931 719 932 725 
910 999 921 999 
55 992 61 993 
773 976 785 976 
321 982 334 982 
831 794 843 794 
798 379 799 385 
344 992 357 992 
894 914 900 915 
923 170 934 170 
921 774 934 774 
636 990 641 991 
804 981 816 981 
621 953 622 959 
926 986 927 992 
950 403 962 403 
910 495 910 507 
903 611 903 624 
664 17 676 17 
377 609 378 615 
757 962 757 973 
353 739 355 742 
13 955 25 955 
991 862 993 865 
956 962 969 962 
852 941 864 941 
624 818 635 818 
106 766 107 772 
351 977 353 980 
762 991 765 993 
884 963 884 976 
911 991 924 991 
978 661 990 661 
957 800 959 803 
871 827 882 827 
997 917 998 923 
700 289 700 300 
772 812 785 812 
521 998 532 998 
247 999 258 999 
983 998 995 998 
17 922 17 933 
996 146 996 158 
971 970 982 970 
962 728 968 729 
434 841 439 842 
986 668 999 668 
989 974 990 979 
789 997 802 997 
781 877 786 878 
955 929 967 929 
522 797 528 798 
554 995 557 997 
514 824 515 830 
691 997 703 997 
892 911 893 916 
655 996 657 999 
947 858 959 858 
811 832 822 832 
827 816 828 822 
840 27 841 33 
969 998 980 998 
974 887 985 887 
988 761 989 766 
366 994 379 994 
754 152 755 158 
373 700 373 711 
880 942 891 942 
989 830 990 835 
868 934 869 939 
749 949 760 949 
891 955 904 955 
865 627 866 633 
844 623 845 628 
535 983 538 985 
942 619 948 620 
985 944 988 946 
885 996 896 996 
870 687 876 688 
910 901 910 914 
977 729 977 742 
991 753 997 754 
985 979 986 985 
892 935 905 935 
998 122 998 134 
384 999 396 999 
944 470 957 470 
969 958 981 958 
611 642 617 643 
972 946 974 949 
989 988 991 991 
998 956 998 968 
536 941 541 942 
14 884 19 885 
663 919 669 920 
451 943 464 943 
987 852 999 852 
994 815 994 828 
934 918 939 919 
996 945 998 948 
585 980 598 980 
951 970 957 971 
604 858 604 871 
371 983 373 986 
979 806 985 807 
995 606 995 619 
832 344 832 356 
101 942 112 942 
947 738 953 739 
968 886 981 886 
996 798 998 801 
126 976 131 977 
934 570 934 581 
891 932 896 933 
474 900 474 913 
994 214 994 226 
906 59 907 64 
854 998 860 999 
573 975 575 978 
760 839 773 839 
992 756 992 768 
972 982 983 982 
755 639 768 639 
620 896 620 909 
247 917 260 917 
995 931 995 944 
770 956 771 962 
971 725 971 737 
227 987 230 989 
926 968 931 969 
966 980 972 981 
975 974 976 980 
973 991 978 992 
743 940 749 941 
894 276 897 278 
588 983 590 986 
595 982 608 982 
483 998 495 998 
5 952 7 955 
953 365 956 367 
493 981 494 987 
715 955 716 961 
688 312 688 324 
902 163 908 164 
578 888 591 888 
736 976 739 978 
661 991 667 992 
993 570 999 571 
580 882 586 883 
959 769 962 771 
924 982 926 985 
952 931 964 931 
859 50 865 51 
935 296 940 297 
725 791 730 792 
639 259 639 270 
997 599 997 612 
734 748 735 753 
303 916 304 922 
993 885 996 887 
989 336 990 342 
831 526 831 537 
781 955 792 955 
523 972 536 972 
924 337 935 337 
430 925 430 938 
368 715 368 727 
986 496 991 497 
911 954 913 957 
796 994 807 994 
618 94 618 105 
990 757 990 770 
998 815 999 820 
999 626 999 639 
336 996 349 996 
380 222 391 222 
975 729 975 741 
706 231 707 236 
999 191 999 203 
475 772 476 777 
977 943 979 946 
945 55 945 67 
623 996 629 997 
293 969 293 982 
964 982 970 983 
991 264 991 275 
868 756 874 757 
727 899 738 899 
145 757 145 770 
665 999 678 999 
708 961 708 974 
942 853 944 856 
548 25 559 25 
874 564 874 576 
520 962 525 963 
627 90 638 90 
972 985 975 987 
845 883 845 894 
101 911 113 911 
974 894 980 895 
993 906 993 919 
991 828 991 839 
47 993 53 994 
878 933 884 934 
988 106 990 109 
485 984 485 997 
876 550 889 550 
909 924 921 924 
704 998 717 998 
654 943 655 948 
105 755 118 755 
424 872 425 877 
555 975 567 975 
241 932 242 938 
924 829 925 835 
175 983 177 986 
382 979 387 980 
324 990 330 991 
435 919 441 920 
999 928 999 941 
913 949 916 951 
790 193 803 193 
985 438 991 439 
920 995 925 996 
988 283 988 296 
604 881 604 894 
942 994 953 994 
687 130 687 141 
847 683 859 683 
124 883 124 894 
77 332 77 345 
216 992 222 993 
746 558 751 559 
785 334 786 340 
968 429 968 441 
866 373 879 373 
733 959 733 970 
736 940 737 946 
994 44 995 50 
986 839 989 841 
875 848 876 853 
981 799 993 799 
963 840 968 841 
986 910 986 922 
979 654 980 660 
799 400 811 400 
934 768 937 770 
953 558 966 558 
984 846 985 852 
98 879 111 879 
820 983 826 984 
982 305 985 307 
956 978 956 990 
973 871 973 884 
952 920 953 926 
917 952 929 952 
897 989 902 990 
668 963 669 969 
479 939 479 952 
583 995 589 996 
985 497 985 510 
959 958 961 961 
773 742 785 742 
552 971 565 971 
142 447 154 447 
788 761 793 762 
991 440 991 451 
813 837 813 849 
766 995 777 995 
881 637 881 648 
808 804 809 810 
985 919 985 932 
572 929 577 930 
981 418 981 430 
820 998 832 998 
862 875 874 875 
632 880 633 886 
782 511 794 511 
199 972 199 985 
446 988 459 988 
541 820 542 826 
872 964 872 977 
783 173 783 186 
960 810 972 810 
986 872 991 873 
920 474 920 485 
827 324 829 327 
731 985 731 998 
992 488 998 489 
968 816 968 829 
830 976 835 977 
805 893 818 893 
947 973 948 979 
455 726 455 737 
727 137 732 138 
970 939 970 952 
810 941 811 946 
937 997 949 997 
902 988 915 988 
872 951 874 954 
964 526 970 527 
968 993 974 994 
80 932 91 932 
761 308 774 308 
898 920 901 922 
986 955 987 961 
530 967 541 967 
551 962 553 965 
74 968 74 980 
990 604 990 616 
312 803 318 804 
900 545 906 546 
570 798 573 800 
734 879 746 879 
955 684 955 697 
182 998 195 998 
758 460 770 460 
981 496 984 498 
764 906 765 911 
420 729 433 729 
882 962 894 962 
951 926 951 937 
479 810 492 810 
810 853 810 864 
320 987 321 993 
878 919 890 919 
669 972 670 978 
861 837 874 837 
930 559 941 559 
759 932 759 945 
993 867 994 873 
892 994 904 994 
949 599 949 611 
814 678 814 690 
991 811 991 824 
950 105 951 110 
775 801 781 802 
770 932 776 933 
905 278 918 278 
810 908 810 920 
995 773 998 775 
808 977 810 980 
602 291 603 296 
788 977 789 983 
998 690 998 702 
813 857 815 860 
865 980 876 980 
432 745 432 758 
282 999 294 999 
627 699 628 705 
952 281 953 287 
609 170 609 182 
721 932 721 943 
998 393 999 399 
913 203 925 203 
996 961 997 966 
554 849 555 855 
257 911 258 916 
972 532 973 537 
880 106 892 106 
881 269 887 270 
931 711 937 712 
899 326 910 326 
704 938 716 938 
986 572 986 584 
24 730 36 730 
630 729 630 742 
824 967 830 968 
925 807 938 807 
28 546 39 546 
948 209 959 209 
965 636 967 639 
714 760 715 765 
897 577 898 583 
965 767 977 767 
987 565 988 570 
990 517 990 529 
920 609 921 614 
833 938 833 951 
940 616 940 627 
902 800 907 801 
963 901 963 914 
690 858 701 858 
878 757 890 757 
770 978 771 983 
930 924 935 925 
252 185 253 190 
969 324 970 330 
929 271 929 283 
971 816 971 828 
789 472 792 474 
986 297 992 298 
798 510 798 523 
998 873 998 886 
820 957 823 959 
996 889 996 901 
828 920 830 923 
990 686 996 687 
947 817 959 817 
639 992 645 993 
930 978 943 978 
998 753 999 759 
865 977 871 978 
911 782 913 785 
996 327 998 330 
792 930 794 933 
705 883 706 889 
903 755 908 756 
639 752 642 754 
897 906 899 909 
895 691 906 691 
782 665 788 666 
988 539 999 539 
974 881 987 881 
997 178 997 190 
313 761 325 761 
999 645 999 657 
997 257 997 268 
515 980 521 981 
967 619 968 624 
985 8 985 21 
955 25 968 25 
988 823 988 835 
984 859 989 860 
830 879 836 880 
633 906 646 906 
963 487 966 489 
276 981 276 994 
881 723 881 735 
966 617 979 617 
609 133 611 136 
550 981 551 987 
448 186 449 192 
926 954 938 954 
508 791 509 797 
233 742 235 745 
710 408 710 419 
995 959 995 970 
931 961 944 961 
890 966 902 966 
945 921 950 922 
976 709 976 722 
893 956 894 961 
927 755 933 756 
654 981 667 981 
909 990 910 995 
878 221 890 221 
954 870 954 881 
702 963 702 975 
912 911 915 913 
161 814 172 814 
793 865 793 877 
649 449 662 449 
868 993 870 996 
729 804 729 815 
360 829 363 831 
714 854 714 865 
868 844 869 850 
878 248 878 260 
686 890 697 890 
605 513 605 526 
637 936 650 936 
830 999 843 999 
776 901 788 901 
725 271 726 277 
