3603
68 248 79 248 
126 52 128 54 
198 237 198 247 
161 10 163 12 
191 230 199 230 
196 245 197 249 
152 248 160 248 
86 240 87 245 
159 243 160 247 
199 213 199 221 
28 42 32 43 
1 231 5 232 
178 229 181 231 
183 232 186 234 
170 151 180 151 
190 92 191 95 
195 241 197 244 
109 243 114 244 
144 220 144 230 
150 241 151 246 
142 249 152 249 
187 152 190 154 
191 224 192 229 
176 222 185 222 
159 177 159 185 
174 210 174 219 
22 232 33 232 
12 27 14 29 
110 248 114 249 
170 226 170 235 
153 228 160 228 
183 152 183 161 
195 56 195 65 
121 219 121 227 
144 240 145 245 
171 146 180 146 
181 243 190 243 
195 135 195 145 
66 171 69 173 
185 202 196 202 
157 16 157 26 
5 107 13 107 
37 248 45 248 
199 189 199 198 
163 246 173 246 
174 47 175 51 
117 249 126 249 
107 231 108 235 
132 245 135 247 
155 92 166 92 
1 237 3 239 
170 202 178 202 
188 28 189 32 
181 224 190 224 
35 246 39 247 
161 248 166 249 
147 81 150 82 
60 241 63 243 
92 241 96 242 
189 206 197 206 
164 243 172 243 
77 57 82 58 
131 238 141 238 
162 152 162 160 
176 181 184 181 
143 224 143 235 
194 104 199 105 
42 232 53 232 
172 249 181 249 
45 151 53 151 
95 93 99 94 
51 249 62 249 
181 248 191 248 
196 170 197 173 
193 219 194 223 
198 211 198 220 
182 162 182 172 
195 66 195 74 
167 238 176 238 
13 235 15 237 
191 184 193 186 
72 122 72 131 
183 215 185 218 
176 240 176 248 
172 234 175 236 
179 5 180 9 
184 209 187 210 
115 40 119 41 
9 248 17 248 
84 245 85 249 
90 181 93 183 
119 197 122 199 
68 208 72 209 
126 238 128 240 
61 53 61 63 
199 32 199 41 
189 229 189 238 
123 208 131 208 
191 49 192 53 
161 228 161 236 
9 145 20 145 
186 246 191 247 
4 185 4 193 
186 74 186 85 
40 215 50 215 
190 160 195 161 
113 211 114 216 
128 231 131 233 
187 249 195 249 
102 171 105 173 
143 140 144 144 
143 103 150 103 
43 195 48 196 
194 110 195 115 
149 224 150 228 
0 229 4 230 
192 144 192 151 
66 8 67 12 
184 22 194 22 
34 184 43 184 
91 237 91 246 
21 243 22 248 
180 58 180 69 
173 123 173 132 
193 214 196 216 
197 192 197 202 
96 249 105 249 
140 213 145 214 
190 188 190 199 
43 70 43 80 
199 142 199 152 
177 213 180 215 
19 166 24 167 
136 129 136 139 
121 49 125 50 
105 128 105 136 
45 224 56 224 
40 50 41 53 
60 223 62 225 
127 198 132 199 
18 221 27 221 
142 192 142 200 
191 80 191 89 
172 150 181 150 
171 142 173 145 
84 212 89 213 
199 121 199 131 
183 183 185 186 
194 236 197 238 
132 187 133 191 
196 119 196 129 
188 170 192 171 
77 226 81 227 
49 21 50 26 
50 247 54 248 
172 55 181 55 
43 175 48 176 
193 73 193 84 
161 225 164 226 
142 97 142 105 
161 196 171 196 
186 240 195 240 
138 236 148 236 
2 249 10 249 
193 15 194 19 
184 245 195 245 
177 185 179 187 
19 206 19 214 
190 46 194 47 
130 249 140 249 
131 59 131 67 
172 233 179 233 
57 206 57 215 
160 19 160 29 
195 87 198 89 
198 74 199 78 
139 205 141 208 
194 127 195 130 
163 244 170 244 
151 221 151 230 
188 177 197 177 
126 214 127 217 
193 193 195 195 
169 113 169 123 
193 142 194 147 
185 241 190 242 
194 38 198 39 
188 210 199 210 
167 223 167 234 
197 222 199 225 
140 248 150 248 
154 203 164 203 
192 132 197 133 
166 239 176 239 
185 105 187 108 
10 87 10 95 
18 241 19 246 
77 243 80 244 
187 162 194 162 
173 139 178 140 
123 68 127 69 
169 221 178 221 
43 246 48 247 
77 235 78 239 
192 233 199 233 
86 174 96 174 
121 181 122 186 
54 243 56 246 
171 207 172 211 
63 211 66 213 
184 197 186 199 
170 76 171 81 
195 95 199 96 
52 218 62 218 
129 186 129 197 
11 240 20 240 
126 225 136 225 
155 159 157 162 
179 143 187 143 
79 241 82 242 
191 62 193 65 
76 223 84 223 
34 239 41 239 
176 115 176 126 
126 230 127 235 
89 238 89 249 
189 173 191 176 
110 32 110 42 
149 239 152 240 
166 161 177 161 
131 89 136 90 
194 67 194 76 
74 157 84 157 
129 167 134 168 
168 237 179 237 
181 9 185 10 
198 189 198 199 
168 55 170 58 
197 54 199 57 
144 117 154 117 
185 25 186 30 
194 77 195 81 
159 53 170 53 
169 240 174 241 
183 137 187 138 
187 68 188 73 
161 240 165 241 
146 47 154 47 
156 186 157 190 
35 241 37 243 
80 158 88 158 
120 235 120 246 
25 249 34 249 
64 244 69 245 
157 221 160 223 
186 228 187 231 
168 183 177 183 
186 10 190 11 
93 215 93 226 
191 57 192 61 
75 246 82 246 
43 84 48 85 
197 149 198 153 
96 126 107 126 
40 138 45 139 
171 232 181 232 
117 212 126 212 
190 178 199 178 
101 219 103 221 
157 220 167 220 
179 245 182 247 
196 107 198 110 
39 234 42 236 
195 183 197 186 
155 209 160 210 
97 177 106 177 
194 153 195 158 
146 141 151 142 
143 134 146 136 
197 134 198 139 
112 229 114 231 
103 146 107 147 
56 191 59 193 
7 222 7 229 
165 143 167 146 
136 239 146 239 
98 233 100 236 
184 55 189 56 
195 14 199 15 
186 217 189 219 
173 198 177 199 
66 246 70 247 
121 213 132 213 
103 232 103 242 
166 99 170 100 
80 247 83 249 
179 66 179 74 
146 171 147 175 
148 238 157 238 
168 10 168 20 
199 58 199 67 
98 210 98 221 
151 83 153 85 
123 237 125 240 
26 222 26 231 
94 155 96 157 
109 223 109 234 
163 217 172 217 
172 174 173 178 
101 124 106 125 
116 228 126 228 
199 5 199 13 
109 178 109 187 
142 241 143 246 
68 67 68 76 
72 234 74 237 
14 241 15 246 
70 152 75 153 
190 226 190 237 
158 106 160 109 
190 30 199 30 
188 191 189 195 
181 212 186 213 
62 202 72 202 
198 202 199 207 
181 235 185 236 
170 101 179 101 
115 248 125 248 
146 222 146 233 
83 225 85 228 
184 70 185 75 
139 49 142 51 
154 172 161 172 
192 74 192 85 
196 159 197 164 
79 229 90 229 
199 234 199 244 
188 139 188 147 
157 208 165 208 
153 169 158 170 
179 157 180 162 
171 189 179 189 
32 198 39 198 
113 235 118 236 
146 235 154 235 
61 214 63 216 
82 230 85 232 
158 151 160 153 
90 198 95 199 
22 148 25 150 
170 165 172 167 
81 221 91 221 
123 145 127 146 
32 161 43 161 
162 33 162 43 
102 113 107 114 
189 180 192 182 
148 104 148 113 
141 184 151 184 
102 209 103 213 
134 142 138 143 
123 203 126 205 
95 225 95 234 
155 212 155 223 
112 134 120 134 
59 248 67 248 
75 165 75 176 
91 247 94 248 
136 247 144 247 
180 77 180 86 
108 149 113 150 
184 112 188 113 
189 203 194 204 
193 49 196 50 
127 243 135 243 
198 154 199 159 
183 237 188 238 
130 209 132 211 
174 203 175 208 
195 188 197 190 
180 18 185 19 
170 29 170 40 
167 108 174 108 
137 224 137 233 
176 223 186 223 
180 239 185 240 
126 248 137 248 
128 56 130 59 
50 180 50 189 
144 112 147 114 
193 107 193 118 
191 214 192 219 
183 126 185 128 
103 136 103 145 
137 77 137 87 
184 167 195 167 
4 246 9 247 
51 20 54 22 
107 241 112 242 
141 28 141 38 
191 196 196 197 
129 218 132 220 
198 41 198 51 
153 156 153 167 
166 162 167 166 
176 166 181 167 
160 212 163 214 
118 79 118 86 
152 193 159 193 
160 88 163 90 
192 111 192 121 
11 19 11 30 
190 211 195 212 
183 227 184 230 
190 73 190 81 
136 166 140 167 
3 145 6 147 
113 175 113 182 
169 223 172 224 
82 170 82 180 
150 200 161 200 
143 156 143 163 
82 224 90 224 
170 84 172 87 
164 68 165 72 
138 182 148 182 
183 165 183 175 
101 73 112 73 
173 211 173 220 
170 129 171 134 
165 204 167 206 
110 115 112 118 
126 241 136 241 
174 145 184 145 
172 157 174 160 
71 175 72 179 
159 211 170 211 
181 123 184 125 
157 240 159 242 
189 127 191 130 
65 30 66 34 
143 202 154 202 
132 25 141 25 
73 189 73 200 
120 4 122 6 
38 167 48 167 
145 26 145 37 
149 188 149 195 
183 189 183 198 
113 240 118 241 
194 3 197 5 
156 121 157 124 
95 243 105 243 
30 230 38 230 
199 161 199 171 
72 135 73 139 
104 191 105 196 
185 122 190 123 
160 147 164 148 
128 183 128 190 
69 224 69 235 
96 247 105 247 
177 201 187 201 
71 215 82 215 
147 6 154 6 
177 45 178 50 
170 135 180 135 
105 178 105 188 
128 14 128 25 
143 38 143 49 
125 175 126 179 
64 225 65 230 
198 90 199 94 
188 128 188 136 
166 222 175 222 
94 143 94 151 
151 61 152 65 
13 249 20 249 
164 120 166 123 
186 99 187 102 
196 73 196 83 
144 149 154 149 
155 123 155 132 
20 30 31 30 
174 180 184 180 
149 55 151 58 
56 91 60 92 
140 63 145 64 
115 194 120 195 
161 185 171 185 
157 110 157 119 
150 72 151 76 
158 234 160 236 
171 105 182 105 
111 106 112 111 
103 93 107 94 
157 150 165 150 
130 215 135 216 
137 218 138 221 
174 17 175 22 
156 219 164 219 
76 158 76 166 
168 228 169 233 
195 221 196 226 
186 34 193 34 
164 108 164 116 
147 146 158 146 
10 247 19 247 
19 1 20 4 
50 169 50 176 
58 221 67 221 
183 221 192 221 
48 76 50 78 
32 235 32 243 
96 237 100 238 
176 207 178 210 
36 186 40 187 
98 115 105 115 
88 190 98 190 
109 191 109 201 
185 187 185 196 
10 241 12 243 
27 145 38 145 
162 94 167 95 
115 159 125 159 
156 101 165 101 
24 206 24 215 
106 211 111 212 
187 64 189 67 
94 135 102 135 
15 239 25 239 
46 241 57 241 
58 85 60 88 
174 68 174 78 
186 173 188 176 
80 239 87 239 
95 27 95 36 
68 184 68 191 
177 241 180 243 
43 86 46 88 
114 46 122 46 
11 180 11 191 
125 140 136 140 
178 33 178 43 
29 239 31 242 
111 167 120 167 
122 163 125 165 
141 154 142 158 
196 175 199 176 
138 15 146 15 
114 190 114 199 
84 186 88 187 
119 29 119 39 
176 153 178 155 
179 94 184 95 
153 204 153 214 
24 244 26 247 
63 21 67 22 
89 103 97 103 
193 119 194 124 
52 227 54 230 
128 74 128 84 
164 37 164 46 
123 242 124 245 
57 230 57 239 
165 169 168 171 
177 20 184 20 
84 19 84 30 
17 232 18 235 
161 149 172 149 
40 224 42 227 
161 71 163 73 
192 123 192 130 
149 87 159 87 
67 249 76 249 
145 246 149 247 
101 207 106 208 
184 35 184 45 
35 123 35 134 
175 4 175 12 
100 86 103 88 
102 205 107 206 
118 229 127 229 
95 205 95 213 
199 17 199 24 
150 206 151 210 
129 46 134 47 
148 206 148 216 
124 222 126 224 
146 166 149 168 
152 127 152 134 
90 163 92 166 
193 170 194 174 
104 233 104 240 
122 107 129 107 
185 35 186 39 
168 247 170 249 
115 183 119 184 
150 122 150 132 
90 238 90 248 
180 47 183 48 
57 120 57 130 
190 97 191 102 
39 242 41 245 
186 207 190 208 
183 115 188 116 
130 29 131 33 
20 74 25 75 
125 151 128 153 
179 104 186 104 
112 210 112 221 
119 213 119 220 
77 152 79 154 
127 227 131 228 
104 245 112 245 
90 121 90 132 
4 219 15 219 
135 240 143 240 
183 244 193 244 
66 131 67 134 
188 186 189 190 
117 155 121 156 
126 125 134 125 
183 203 187 204 
87 46 88 51 
188 213 190 216 
168 200 177 200 
41 204 45 205 
78 54 80 56 
29 74 33 75 
18 25 22 26 
46 157 57 157 
139 191 140 196 
191 117 191 126 
167 84 168 87 
6 200 6 210 
153 227 164 227 
92 14 92 23 
83 210 87 211 
138 92 141 94 
133 170 138 171 
166 178 167 182 
148 21 149 26 
25 213 32 213 
129 244 131 247 
161 130 168 130 
93 54 94 59 
131 4 135 5 
52 78 60 78 
94 67 99 68 
183 82 183 93 
186 159 193 159 
8 162 12 163 
173 190 174 194 
180 218 182 220 
174 170 174 177 
162 6 164 8 
17 186 17 195 
64 18 67 20 
14 223 24 223 
76 219 87 219 
156 10 157 14 
139 120 144 121 
185 92 188 94 
2 194 7 195 
22 197 25 199 
70 184 78 184 
118 62 127 62 
31 231 41 231 
130 132 131 137 
156 134 166 134 
198 179 198 188 
29 208 32 210 
146 53 146 61 
108 207 109 210 
147 155 148 160 
35 34 45 34 
57 195 58 199 
125 36 125 45 
110 224 115 225 
177 176 181 177 
67 47 78 47 
98 104 100 107 
66 144 68 146 
13 9 14 13 
189 4 192 6 
166 36 168 38 
133 58 137 59 
76 139 77 144 
99 163 99 174 
190 40 191 44 
143 80 143 90 
115 226 120 227 
175 57 176 61 
52 158 61 158 
115 237 119 238 
197 117 199 120 
73 221 75 224 
196 51 196 61 
176 82 176 93 
141 225 142 230 
143 177 152 177 
47 108 47 117 
186 239 196 239 
165 61 170 62 
135 175 145 175 
130 68 141 68 
185 153 186 157 
172 26 176 27 
6 231 8 233 
125 171 128 173 
41 160 48 160 
170 168 170 179 
152 82 162 82 
112 201 115 203 
107 176 108 181 
70 65 74 66 
78 38 83 39 
57 44 59 46 
29 52 30 56 
155 237 165 237 
64 242 71 242 
121 240 122 243 
97 245 100 246 
24 200 25 205 
175 80 175 88 
11 97 12 102 
98 119 99 123 
22 238 29 238 
7 73 9 76 
190 106 191 109 
75 137 78 138 
198 64 198 73 
118 210 129 210 
181 193 182 198 
50 218 51 223 
19 235 22 237 
113 98 114 102 
126 85 135 85 
113 130 118 131 
80 145 85 146 
56 116 58 119 
40 152 41 157 
180 209 183 211 
191 231 196 232 
120 7 120 17 
96 24 97 27 
104 144 109 145 
174 141 185 141 
106 84 117 84 
118 206 127 206 
81 149 90 149 
56 31 56 40 
158 48 160 51 
24 137 25 140 
174 35 174 45 
183 60 184 65 
26 71 31 72 
4 10 4 20 
193 224 194 229 
170 97 178 97 
9 22 10 27 
15 94 25 94 
34 153 36 156 
149 100 156 100 
175 130 180 131 
118 109 118 117 
121 232 123 235 
59 5 70 5 
43 244 47 245 
35 249 45 249 
139 237 149 237 
175 178 185 178 
170 67 170 75 
155 206 164 206 
172 40 173 45 
11 70 14 72 
24 27 34 27 
106 236 107 240 
22 59 25 60 
124 116 135 116 
96 213 96 224 
98 227 108 227 
169 3 171 6 
136 245 141 246 
143 164 144 168 
106 1 116 1 
46 15 54 15 
63 62 71 62 
138 215 145 215 
135 230 136 234 
28 211 32 212 
21 95 21 102 
64 215 69 216 
0 246 3 248 
152 245 157 246 
133 178 138 179 
151 185 154 187 
175 108 175 118 
111 208 114 209 
165 5 168 7 
172 133 180 133 
179 148 183 149 
192 43 197 44 
97 132 101 133 
65 97 75 97 
111 134 111 144 
173 23 176 24 
161 166 163 168 
122 78 122 86 
78 28 78 36 
40 90 51 90 
134 192 137 194 
134 147 135 150 
22 104 25 106 
82 198 85 200 
137 144 137 153 
88 237 88 247 
118 187 120 190 
192 207 194 209 
119 119 126 119 
38 221 39 225 
190 135 191 140 
96 159 96 170 
149 106 154 107 
38 38 39 43 
177 0 187 0 
71 233 81 233 
175 224 178 226 
24 248 33 248 
185 61 186 66 
133 210 144 210 
182 22 183 25 
85 65 94 65 
134 219 135 224 
76 155 81 156 
90 137 100 137 
12 189 12 199 
52 4 52 14 
38 17 46 17 
123 219 126 221 
27 204 29 207 
26 53 26 63 
28 191 28 202 
0 243 7 243 
101 239 102 242 
153 232 156 233 
121 113 132 113 
189 87 189 98 
32 185 33 189 
129 154 130 159 
146 198 148 200 
197 80 198 85 
193 23 194 27 
50 235 52 238 
120 161 130 161 
64 177 64 188 
83 88 83 98 
15 207 16 212 
117 199 118 204 
160 140 162 143 
110 112 113 114 
126 71 134 71 
86 92 97 92 
93 138 93 149 
82 60 82 67 
113 144 116 146 
152 139 154 141 
74 25 79 26 
100 100 102 102 
166 110 168 113 
144 74 148 75 
93 235 97 236 
35 118 38 120 
185 13 194 13 
120 169 125 170 
163 229 164 233 
134 9 135 13 
105 219 109 220 
34 81 35 86 
48 225 51 227 
147 55 147 65 
123 123 125 126 
155 142 158 144 
157 218 165 218 
162 189 163 194 
53 57 53 64 
30 102 31 106 
64 107 73 107 
80 167 85 168 
114 152 118 153 
196 26 199 28 
59 113 59 123 
141 9 143 11 
42 152 50 152 
197 126 198 130 
15 156 19 157 
59 16 60 21 
111 232 112 237 
78 201 89 201 
92 201 94 204 
28 228 39 228 
163 137 173 137 
1 203 4 205 
190 164 195 165 
166 224 166 233 
180 108 182 110 
137 114 140 115 
138 198 141 199 
175 191 178 193 
113 33 115 36 
81 183 81 193 
0 154 1 159 
182 103 190 103 
45 191 48 193 
21 146 31 146 
135 159 139 160 
178 194 180 197 
68 142 75 142 
148 15 157 15 
120 85 120 92 
8 33 13 34 
171 39 171 49 
61 227 61 237 
57 98 58 103 
130 181 133 183 
12 179 17 180 
151 25 151 35 
54 167 64 167 
102 222 112 222 
53 88 53 97 
162 116 163 120 
187 124 190 125 
156 35 158 38 
147 229 148 234 
161 25 163 28 
160 126 164 127 
131 154 133 156 
143 106 145 109 
125 187 125 195 
3 197 8 198 
54 186 56 188 
173 69 173 78 
48 133 58 133 
191 234 195 235 
137 20 138 24 
180 28 183 30 
166 9 167 13 
192 31 195 33 
174 110 174 120 
180 34 180 42 
146 68 156 68 
193 198 196 200 
176 10 178 12 
36 215 37 219 
96 54 97 58 
180 4 188 4 
197 32 198 36 
42 122 44 125 
165 125 170 126 
145 101 154 101 
157 98 165 98 
60 126 65 127 
22 220 33 220 
44 60 45 65 
88 151 89 155 
49 176 49 186 
114 4 119 5 
100 92 107 92 
29 148 32 150 
62 33 62 43 
116 147 127 147 
188 205 197 205 
125 6 126 11 
94 97 105 97 
132 39 136 40 
176 2 183 2 
56 66 67 66 
112 156 112 165 
116 61 124 61 
111 30 115 31 
184 46 189 47 
172 114 172 124 
62 70 63 75 
33 90 34 95 
30 214 35 215 
1 225 4 227 
62 193 72 193 
42 208 44 210 
86 115 91 116 
43 5 48 6 
179 110 179 121 
12 121 13 124 
138 84 141 86 
158 0 158 10 
195 18 196 21 
30 196 30 206 
102 179 102 186 
52 204 54 207 
25 216 35 216 
139 152 140 157 
55 194 56 198 
136 72 136 79 
55 233 56 238 
191 188 194 190 
79 159 79 168 
173 100 183 100 
79 127 83 128 
84 107 93 107 
41 179 45 180 
155 80 165 80 
0 199 0 208 
97 166 97 176 
92 128 97 129 
4 177 14 177 
193 35 196 37 
181 188 182 192 
24 0 24 11 
90 233 92 236 
172 244 175 245 
51 200 55 201 
62 206 63 209 
116 196 127 196 
101 81 104 83 
128 120 129 124 
15 138 18 140 
24 179 26 182 
50 195 53 197 
161 161 163 164 
125 91 136 91 
106 137 107 140 
76 186 77 191 
147 87 147 97 
16 120 18 122 
12 230 14 232 
68 206 76 206 
112 129 119 129 
146 84 148 86 
110 205 113 207 
135 105 136 109 
189 48 190 52 
140 179 145 180 
84 169 86 172 
186 149 191 150 
119 104 124 105 
115 207 118 208 
179 47 179 54 
48 197 48 204 
59 93 70 93 
147 136 151 137 
172 228 182 228 
4 234 6 236 
192 241 194 243 
158 135 169 135 
12 79 13 82 
125 127 136 127 
155 197 166 197 
40 189 42 192 
133 185 138 186 
60 206 60 215 
195 8 197 11 
149 150 149 161 
3 179 5 182 
104 26 114 26 
153 90 157 91 
99 196 102 197 
106 247 116 247 
37 68 40 70 
130 78 131 81 
94 211 94 222 
123 84 124 89 
4 85 5 90 
38 106 41 108 
89 63 93 64 
163 158 167 159 
161 23 164 24 
62 110 62 121 
46 131 57 131 
139 147 142 148 
127 6 128 11 
131 120 134 122 
166 19 166 28 
142 217 143 222 
167 189 169 192 
192 95 192 105 
155 35 155 46 
71 223 72 228 
148 125 149 130 
110 188 110 197 
81 163 84 165 
130 103 130 111 
188 19 191 21 
2 80 2 89 
87 192 88 195 
159 133 166 133 
176 68 176 75 
177 206 184 206 
108 39 108 50 
139 161 140 165 
70 116 70 126 
56 222 64 222 
75 11 85 11 
151 156 151 165 
136 35 139 37 
19 69 22 70 
133 63 134 67 
18 175 18 186 
7 117 9 120 
8 95 8 103 
6 109 14 109 
162 238 165 239 
63 234 66 236 
20 143 31 143 
89 188 99 188 
173 163 178 164 
130 212 137 212 
99 179 100 183 
43 236 47 237 
97 248 108 248 
195 208 199 209 
189 68 189 76 
190 168 195 169 
84 236 87 237 
4 2 8 3 
112 133 122 133 
137 199 137 207 
192 246 195 248 
184 158 185 163 
1 176 12 176 
130 51 134 52 
96 111 107 111 
126 44 127 47 
115 57 120 58 
7 46 18 46 
61 238 71 238 
156 212 158 215 
80 134 80 144 
142 138 151 138 
67 77 69 79 
128 242 139 242 
18 141 29 141 
183 69 183 78 
84 111 84 122 
104 230 106 232 
183 11 184 16 
42 9 47 10 
11 73 21 73 
139 186 140 190 
131 176 139 176 
9 206 9 216 
128 34 130 37 
152 99 161 99 
107 37 107 44 
30 224 33 225 
54 137 64 137 
169 204 170 209 
178 77 178 87 
150 155 157 155 
181 114 182 118 
4 214 6 217 
73 220 83 220 
113 161 114 166 
0 48 11 48 
181 154 181 163 
105 19 106 24 
132 17 134 19 
102 223 104 226 
86 141 88 143 
149 209 149 219 
138 223 138 234 
116 171 117 175 
165 138 172 138 
89 169 94 170 
109 48 112 50 
19 226 21 228 
180 139 185 140 
97 193 97 200 
45 168 48 170 
44 182 44 192 
37 87 37 97 
108 215 109 218 
119 131 127 131 
81 151 82 154 
117 243 119 245 
111 7 116 8 
42 140 43 144 
108 164 111 166 
151 169 152 174 
169 182 180 182 
164 186 166 188 
154 176 165 176 
32 197 40 197 
155 180 155 191 
127 63 129 66 
76 78 83 78 
80 180 80 190 
104 63 115 63 
14 48 16 50 
100 228 107 228 
90 3 92 5 
104 38 104 49 
141 125 142 130 
47 97 48 101 
177 168 178 173 
100 191 103 193 
150 11 152 14 
167 197 172 198 
109 135 110 139 
92 213 92 224 
106 167 110 168 
39 201 44 202 
187 81 188 86 
49 138 60 138 
84 204 85 209 
146 39 147 43 
102 162 105 164 
152 220 154 223 
77 125 77 132 
65 181 66 184 
136 211 147 211 
67 113 67 121 
178 205 187 205 
121 216 124 218 
186 168 189 169 
46 216 48 219 
142 159 142 169 
11 53 11 64 
9 236 11 239 
20 183 31 183 
146 162 150 163 
102 166 105 168 
21 115 21 123 
109 121 117 121 
98 199 99 203 
0 152 10 152 
117 211 128 211 
93 69 96 71 
8 234 8 245 
8 112 13 113 
186 186 187 190 
197 58 197 67 
45 211 47 213 
92 29 92 38 
15 167 16 172 
26 106 27 111 
92 244 103 244 
173 79 173 86 
184 129 187 131 
115 150 125 150 
170 107 179 107 
109 128 110 131 
23 98 28 99 
149 4 156 4 
80 234 82 237 
50 216 54 217 
101 27 112 27 
3 134 8 135 
151 217 154 219 
158 29 159 33 
85 133 85 144 
34 210 36 213 
155 202 164 202 
144 194 145 197 
146 214 147 219 
27 59 35 59 
7 170 8 175 
10 203 12 205 
149 201 158 201 
94 42 98 43 
80 18 80 28 
59 217 66 217 
29 155 33 156 
187 7 198 7 
87 185 96 185 
4 31 6 34 
76 208 80 209 
19 185 28 185 
3 121 8 122 
109 95 109 103 
113 14 114 18 
112 75 116 76 
190 142 191 145 
149 62 150 65 
112 173 112 181 
60 173 61 178 
128 145 129 149 
121 28 126 29 
43 106 43 114 
129 53 134 54 
3 105 3 114 
48 243 53 244 
144 77 144 86 
16 189 16 200 
132 30 134 33 
171 168 171 179 
178 21 178 30 
193 90 195 93 
52 142 53 147 
162 64 167 65 
181 31 182 36 
64 27 67 29 
96 83 99 84 
117 221 119 224 
3 79 5 81 
187 183 189 185 
93 237 95 240 
137 135 138 138 
154 61 159 62 
17 201 18 205 
15 126 15 133 
23 156 28 157 
37 233 38 237 
28 245 36 245 
173 8 173 17 
94 162 95 166 
13 224 22 224 
177 179 188 179 
41 31 44 33 
103 101 105 103 
193 150 193 158 
36 28 46 28 
198 160 198 171 
161 221 163 224 
170 152 171 157 
20 233 24 234 
83 134 84 138 
84 95 93 95 
77 103 79 105 
95 150 98 152 
53 71 54 74 
152 230 157 231 
133 162 135 165 
65 24 67 26 
112 77 114 79 
38 93 38 103 
70 186 71 190 
91 8 94 10 
103 2 114 2 
115 189 117 192 
159 39 160 44 
123 151 124 154 
106 202 109 204 
149 179 153 180 
157 54 167 54 
9 232 11 234 
66 241 76 241 
117 247 128 247 
60 198 65 199 
140 117 143 118 
70 99 74 100 
26 127 33 127 
20 207 22 210 
5 218 13 218 
160 13 164 14 
170 147 175 148 
81 150 89 150 
23 240 23 248 
168 68 169 72 
145 208 147 210 
13 193 13 202 
165 212 167 215 
120 96 130 96 
184 146 186 148 
160 56 161 60 
17 80 18 85 
67 183 75 183 
28 28 33 29 
165 104 166 107 
66 243 73 243 
112 35 112 43 
57 168 57 175 
57 163 60 165 
1 122 1 129 
19 122 19 133 
141 150 143 153 
29 226 34 227 
39 169 43 170 
22 65 30 65 
184 97 185 101 
63 144 63 154 
94 107 97 108 
11 216 20 216 
109 51 109 59 
147 145 155 145 
17 210 18 215 
21 186 23 189 
96 200 96 211 
50 111 50 121 
154 136 164 136 
1 116 2 119 
26 176 29 178 
117 62 117 69 
190 70 193 72 
189 104 189 114 
74 122 74 131 
72 77 72 87 
15 192 15 202 
69 197 70 201 
163 198 165 201 
34 168 36 171 
159 124 164 125 
69 217 70 221 
86 203 91 204 
66 228 68 231 
159 15 162 17 
101 232 102 237 
197 226 198 229 
65 206 67 209 
135 16 145 16 
55 59 58 61 
177 23 177 34 
184 49 187 50 
163 104 163 114 
71 230 74 232 
150 175 158 175 
131 93 131 101 
62 239 67 240 
44 101 44 110 
173 103 176 104 
106 67 108 69 
68 50 68 61 
138 2 143 3 
29 113 31 116 
130 169 140 169 
111 44 113 46 
179 97 182 99 
80 216 84 217 
61 96 62 100 
6 73 6 83 
33 194 37 195 
96 19 101 20 
116 160 117 165 
165 224 165 235 
181 135 186 136 
58 178 58 188 
74 17 79 18 
142 178 151 178 
166 55 167 59 
122 101 129 101 
115 216 116 219 
94 225 94 234 
169 187 173 188 
59 180 61 182 
61 13 62 16 
24 118 34 118 
15 227 15 234 
137 69 148 69 
197 140 198 144 
118 230 120 233 
150 23 150 34 
56 153 59 155 
138 7 142 8 
133 226 133 236 
73 70 73 78 
12 225 16 226 
179 80 179 89 
83 61 85 63 
150 212 150 222 
29 165 39 165 
138 145 141 146 
81 80 81 88 
153 243 156 244 
93 23 104 23 
129 204 131 207 
167 115 168 120 
144 188 146 190 
87 129 87 138 
92 171 96 172 
156 93 165 93 
178 137 182 138 
51 120 55 121 
128 174 130 177 
139 75 142 77 
36 176 37 181 
189 58 190 62 
65 151 66 154 
7 203 7 211 
168 176 169 181 
74 112 76 115 
76 32 76 40 
96 230 99 232 
22 17 31 17 
76 192 78 195 
103 215 106 217 
155 198 159 199 
179 173 182 175 
176 217 177 220 
70 227 70 235 
122 135 122 143 
183 57 186 59 
94 13 97 14 
72 52 83 52 
80 169 80 178 
43 240 45 243 
152 114 155 115 
102 199 106 200 
188 36 189 41 
118 100 121 102 
154 22 156 25 
145 223 145 232 
177 238 179 240 
1 216 3 219 
26 161 31 162 
55 91 55 102 
163 180 164 183 
66 155 66 165 
135 117 135 126 
168 184 179 184 
140 134 142 137 
80 69 80 76 
97 34 98 39 
145 147 153 147 
193 180 196 182 
123 5 124 9 
85 39 96 39 
165 75 168 77 
128 141 130 144 
11 151 14 152 
89 79 90 82 
126 184 127 187 
90 49 93 51 
73 207 74 212 
83 176 84 180 
0 162 2 164 
161 242 168 242 
110 226 114 227 
166 102 175 102 
127 219 128 223 
126 237 133 237 
30 60 40 60 
183 117 184 122 
18 8 18 18 
153 225 158 226 
52 213 55 215 
106 32 106 43 
103 32 103 43 
22 192 23 196 
194 102 198 103 
4 39 8 40 
59 104 63 105 
69 203 80 203 
145 17 148 19 
22 171 27 172 
179 43 180 46 
140 106 142 109 
10 188 10 199 
108 81 115 81 
22 48 31 48 
188 196 189 201 
11 131 14 133 
148 43 150 46 
100 3 111 3 
101 156 102 159 
192 134 194 137 
97 60 102 61 
59 31 64 32 
156 50 156 59 
124 129 135 129 
84 8 86 10 
164 139 167 140 
70 173 70 182 
165 190 166 194 
117 7 117 14 
124 177 124 188 
133 196 135 198 
138 40 138 51 
85 90 89 91 
40 221 43 223 
154 163 155 167 
177 75 177 83 
175 33 176 37 
178 110 178 118 
117 106 125 106 
97 70 98 74 
33 69 35 72 
70 44 81 44 
167 218 172 219 
7 179 10 181 
16 219 21 220 
156 138 163 138 
99 157 100 162 
30 233 31 236 
93 45 96 47 
34 115 37 116 
33 108 36 110 
47 58 48 62 
50 166 52 168 
91 25 91 32 
153 102 156 104 
83 83 90 83 
113 108 121 108 
89 3 89 12 
76 214 83 214 
3 52 8 53 
46 183 48 186 
112 95 116 96 
64 205 75 205 
143 129 145 132 
188 225 188 234 
9 80 9 88 
145 38 145 49 
67 108 68 112 
186 17 189 18 
55 10 57 12 
100 15 102 18 
41 116 45 117 
107 120 116 120 
33 166 41 166 
93 3 94 7 
137 95 138 98 
148 1 150 3 
106 80 117 80 
121 177 123 180 
193 94 194 99 
122 171 123 176 
164 27 165 31 
79 90 82 92 
11 66 19 66 
0 144 10 144 
38 67 45 67 
174 96 185 96 
181 57 182 61 
184 53 187 54 
73 225 81 225 
28 10 36 10 
58 200 61 202 
105 76 109 77 
160 122 163 123 
34 222 37 223 
17 61 24 61 
102 34 102 43 
91 108 93 110 
117 77 125 77 
70 110 74 111 
111 125 122 125 
103 170 114 170 
20 88 23 90 
12 91 13 96 
96 144 97 149 
136 213 136 222 
107 183 107 194 
70 6 73 8 
86 196 89 198 
152 195 163 195 
45 228 48 230 
111 171 114 172 
59 232 60 235 
181 79 181 89 
156 132 165 132 
158 207 166 207 
8 227 12 228 
140 87 142 89 
24 76 32 76 
105 51 107 54 
110 11 110 18 
181 66 182 70 
62 101 67 102 
179 225 184 226 
163 52 172 52 
133 173 137 174 
21 211 23 214 
173 57 173 67 
45 164 54 164 
149 94 153 95 
18 125 18 135 
117 94 126 94 
35 12 46 12 
143 176 153 176 
60 244 62 246 
69 50 69 57 
163 78 167 79 
139 52 139 63 
28 9 36 9 
32 103 32 112 
40 38 45 39 
183 3 191 3 
34 206 36 209 
133 101 136 103 
151 150 152 153 
175 40 176 44 
30 178 32 181 
75 81 80 82 
86 160 87 164 
116 20 124 20 
106 172 109 174 
118 160 128 160 
95 122 97 125 
172 73 172 83 
76 118 76 129 
41 95 44 97 
87 179 91 180 
135 172 144 172 
124 31 124 38 
10 67 13 68 
60 168 64 169 
82 49 85 51 
31 20 40 20 
102 116 103 121 
67 89 72 90 
190 24 191 29 
121 230 124 231 
170 114 170 122 
74 197 76 199 
73 122 73 133 
95 140 99 141 
17 13 17 22 
89 160 89 168 
170 13 170 24 
193 51 193 60 
149 229 150 234 
60 70 60 77 
85 181 89 182 
3 164 4 169 
68 213 77 213 
111 239 118 239 
136 0 137 5 
148 28 148 36 
29 170 30 174 
2 66 5 68 
37 238 45 238 
146 79 156 79 
149 120 154 121 
49 201 49 211 
171 15 172 18 
176 134 185 134 
89 156 91 159 
162 91 171 91 
28 88 30 90 
29 192 31 194 
168 162 176 162 
76 222 86 222 
187 24 187 32 
108 110 108 118 
86 55 89 57 
116 122 119 124 
136 122 146 122 
126 190 127 195 
36 123 36 133 
1 221 5 222 
33 140 36 142 
177 63 177 74 
105 152 113 152 
57 6 58 9 
38 214 39 217 
124 232 125 236 
157 63 161 64 
105 5 105 16 
159 66 159 74 
31 246 34 247 
81 2 86 3 
47 239 52 240 
129 7 131 10 
153 249 160 249 
42 198 47 199 
59 96 60 100 
56 247 64 247 
135 74 135 84 
64 172 65 176 
3 25 8 26 
111 185 118 185 
139 229 140 233 
127 70 137 70 
13 97 13 105 
56 173 56 184 
102 246 112 246 
23 136 34 136 
12 24 22 24 
56 89 61 90 
146 196 153 196 
46 172 49 174 
115 43 118 45 
185 78 185 88 
115 66 116 69 
95 113 95 121 
33 14 34 18 
150 70 154 71 
54 203 65 203 
47 242 55 242 
114 221 116 223 
39 118 39 129 
168 39 168 50 
42 132 43 136 
137 41 137 49 
56 141 58 144 
161 128 171 128 
119 26 124 27 
157 216 165 216 
111 33 111 42 
66 77 66 87 
177 13 178 17 
1 95 1 106 
182 151 182 161 
196 111 199 113 
71 167 73 170 
105 64 115 64 
13 185 14 189 
169 23 169 32 
118 75 121 76 
37 157 39 159 
62 146 62 154 
8 166 11 168 
180 183 181 187 
57 242 59 245 
33 229 43 229 
154 171 162 171 
122 226 132 226 
84 16 88 17 
140 20 151 20 
56 48 65 48 
47 206 48 209 
6 15 14 15 
95 189 105 189 
148 204 152 205 
30 100 35 101 
154 152 157 154 
52 102 54 105 
190 111 190 121 
60 108 61 113 
113 154 114 158 
82 155 86 156 
158 100 165 100 
142 185 146 186 
158 164 160 167 
184 170 185 174 
52 31 53 35 
181 39 183 41 
107 22 108 25 
35 190 38 192 
156 40 158 43 
171 230 176 231 
26 191 26 202 
172 93 175 95 
177 124 180 126 
157 27 157 34 
57 224 58 229 
13 222 23 222 
129 239 133 240 
70 109 78 109 
54 220 63 220 
162 234 164 236 
18 153 26 153 
93 78 100 78 
171 0 176 1 
105 142 108 143 
107 9 107 18 
143 204 145 207 
100 166 100 176 
111 126 122 126 
17 30 19 33 
82 191 83 196 
78 64 80 66 
1 62 3 65 
10 206 14 207 
94 176 94 184 
84 85 87 87 
153 173 164 173 
25 4 27 7 
82 97 82 108 
138 243 141 244 
25 11 34 11 
102 4 109 4 
166 202 169 203 
161 243 162 247 
144 93 146 96 
150 247 157 247 
107 154 107 163 
146 240 147 244 
111 96 111 105 
188 2 199 2 
42 41 44 44 
133 207 136 208 
31 86 33 89 
13 62 15 65 
151 192 158 192 
142 39 142 47 
144 56 145 60 
35 203 37 205 
174 5 174 16 
73 16 73 27 
113 148 124 148 
168 140 170 143 
19 194 19 203 
139 212 147 212 
126 139 133 139 
177 142 187 142 
104 58 105 62 
77 228 78 232 
43 129 48 130 
73 180 78 181 
51 95 51 106 
77 206 81 207 
173 98 178 99 
88 27 89 31 
123 200 126 202 
5 201 5 212 
0 188 2 190 
189 131 191 134 
16 241 17 245 
33 111 42 111 
47 51 52 52 
135 181 144 181 
50 2 51 5 
74 178 79 179 
84 66 87 68 
109 86 117 86 
197 212 197 221 
179 57 179 65 
82 36 85 37 
139 219 140 224 
39 115 46 115 
118 0 125 0 
52 124 53 128 
186 87 188 90 
0 209 2 212 
111 194 113 196 
64 58 66 61 
195 22 197 24 
54 161 64 161 
18 101 18 109 
21 1 23 3 
105 90 108 91 
107 96 108 99 
91 194 95 195 
85 112 88 114 
171 192 172 195 
67 151 67 161 
17 39 26 39 
151 17 154 19 
194 54 194 64 
116 168 118 170 
40 29 45 30 
5 115 6 120 
199 42 199 53 
41 14 49 14 
31 77 42 77 
132 143 133 147 
85 103 87 105 
170 214 172 216 
130 200 134 201 
34 37 35 41 
16 163 21 164 
93 27 93 37 
26 239 28 242 
144 155 145 160 
161 32 161 40 
149 0 157 0 
195 146 198 148 
179 207 183 208 
53 109 56 111 
158 229 160 231 
191 9 193 11 
39 45 39 54 
68 80 71 82 
69 68 70 73 
24 125 33 125 
73 245 80 245 
154 205 154 216 
31 23 35 24 
14 96 18 97 
94 79 94 87 
119 157 123 158 
47 19 47 26 
166 150 168 153 
69 115 69 126 
5 19 7 22 
187 74 188 79 
7 123 8 128 
196 165 197 169 
196 64 196 71 
65 96 76 96 
25 233 27 235 
32 64 43 64 
40 100 41 105 
88 214 89 219 
78 116 81 118 
17 116 18 119 
171 63 171 74 
130 86 133 88 
110 72 120 72 
15 108 15 117 
110 216 111 219 
71 67 71 77 
73 160 75 163 
21 79 23 82 
165 155 168 156 
26 44 31 45 
158 177 158 185 
7 84 7 95 
28 2 33 3 
59 124 59 135 
171 33 173 36 
123 162 132 162 
0 66 1 71 
58 237 60 239 
174 121 174 130 
187 222 192 223 
1 199 9 199 
10 221 11 226 
67 136 68 141 
138 140 142 141 
63 113 63 122 
71 12 71 22 
47 233 52 234 
120 136 121 141 
57 64 68 64 
51 184 52 187 
32 129 34 131 
140 52 150 52 
167 103 172 104 
114 109 115 113 
11 150 21 150 
162 66 169 66 
92 127 102 127 
134 152 134 160 
81 71 83 73 
188 117 189 121 
88 206 92 207 
77 59 84 59 
13 57 20 57 
35 173 35 181 
90 191 95 192 
157 65 157 76 
98 154 98 165 
10 120 11 125 
23 50 24 54 
124 138 135 138 
178 217 179 220 
134 235 142 235 
142 54 143 58 
13 154 13 164 
49 228 51 231 
66 176 68 179 
83 100 93 100 
86 227 90 228 
133 27 144 27 
51 206 51 214 
38 193 40 195 
177 244 178 248 
98 129 101 131 
1 141 12 141 
49 99 49 110 
21 44 23 47 
20 76 20 84 
38 128 38 139 
111 89 113 92 
35 220 45 220 
78 168 78 177 
156 204 160 205 
5 165 14 165 
47 68 58 68 
192 138 194 141 
145 183 154 183 
74 81 74 91 
33 240 40 240 
6 148 14 148 
40 147 48 147 
86 40 96 40 
20 13 22 16 
49 42 54 43 
42 46 43 51 
32 66 36 67 
110 200 111 203 
161 96 172 96 
140 116 150 116 
115 118 125 118 
41 36 46 37 
67 162 70 164 
42 156 45 157 
100 147 100 154 
116 110 117 114 
55 148 55 155 
118 63 121 65 
165 14 165 22 
119 81 121 83 
16 90 19 92 
186 14 189 16 
145 80 154 80 
143 190 143 197 
86 232 88 234 
150 109 153 111 
175 171 176 175 
50 29 51 34 
119 202 121 205 
70 28 73 30 
30 139 31 142 
62 143 72 143 
88 209 90 211 
82 205 83 209 
122 102 126 103 
137 72 140 74 
100 63 100 71 
99 26 100 31 
115 25 117 28 
100 109 105 110 
14 85 15 90 
52 106 56 107 
39 93 40 98 
158 238 161 239 
58 49 59 53 
14 43 23 43 
72 11 73 14 
55 228 56 232 
126 17 126 25 
4 149 13 149 
69 60 73 61 
186 163 194 163 
181 12 182 17 
189 139 189 148 
27 12 29 14 
126 49 134 49 
160 112 161 117 
40 80 40 88 
158 187 159 191 
189 179 197 179 
148 77 159 77 
165 42 166 47 
47 27 47 37 
2 241 6 242 
96 49 99 50 
10 1 13 3 
22 120 30 120 
174 82 174 92 
26 218 30 219 
31 56 42 56 
51 70 51 80 
155 148 158 149 
181 8 192 8 
68 150 68 160 
20 135 22 138 
177 89 178 94 
75 148 85 148 
21 190 24 191 
75 32 75 39 
41 20 42 25 
181 74 182 78 
118 163 120 165 
70 216 78 216 
14 110 14 119 
65 1 74 1 
55 22 55 31 
21 229 23 231 
79 0 80 4 
25 173 28 174 
110 174 110 185 
103 179 104 184 
35 48 36 53 
68 132 71 134 
71 159 72 163 
0 6 8 6 
75 211 80 212 
60 95 71 95 
28 151 31 153 
103 123 113 123 
153 126 154 131 
124 11 124 18 
144 11 146 14 
167 17 167 28 
162 210 170 210 
74 19 77 21 
196 114 199 116 
3 153 8 154 
154 239 156 242 
69 38 74 39 
61 34 61 44 
64 111 65 115 
5 106 14 106 
99 217 99 226 
138 66 149 66 
147 48 157 48 
152 32 155 33 
152 224 160 224 
62 55 62 62 
55 169 55 177 
65 36 65 45 
23 129 24 134 
121 92 131 92 
0 151 8 151 
45 73 45 81 
20 124 20 134 
35 232 36 237 
89 85 90 88 
164 48 166 50 
84 71 88 72 
18 112 23 113 
79 134 79 144 
194 149 196 152 
108 52 108 60 
57 204 64 204 
79 30 80 34 
7 42 14 42 
104 127 115 127 
112 47 122 47 
74 27 75 31 
83 19 83 30 
55 38 55 49 
96 179 97 183 
165 82 169 83 
135 201 136 205 
158 126 159 131 
29 121 38 121 
90 215 91 219 
121 189 124 191 
171 22 171 30 
87 172 91 173 
147 185 147 195 
70 144 74 145 
93 80 93 90 
49 0 59 0 
28 23 30 25 
11 154 12 157 
170 9 172 12 
106 28 113 28 
88 122 88 133 
127 200 128 204 
5 43 13 43 
68 167 70 169 
16 77 19 79 
137 216 141 217 
75 67 77 70 
137 107 138 112 
87 53 97 53 
62 78 62 88 
57 24 57 34 
40 148 51 148 
149 96 159 96 
69 156 70 161 
138 201 141 203 
23 67 24 71 
73 217 75 219 
154 8 155 12 
84 125 84 133 
7 131 10 132 
175 194 176 197 
146 150 147 154 
120 42 122 45 
175 144 183 144 
156 178 157 183 
85 123 85 132 
62 237 70 237 
81 134 81 142 
120 38 123 40 
43 18 45 20 
17 51 19 54 
154 109 156 112 
94 115 94 125 
66 204 75 204 
99 7 102 9 
87 33 90 35 
95 2 98 4 
195 99 198 101 
101 229 103 231 
132 10 133 15 
23 236 27 237 
68 31 73 32 
137 129 138 133 
47 17 51 18 
34 137 37 139 
165 111 165 118 
30 175 33 177 
145 70 147 72 
159 169 162 170 
163 34 167 35 
76 41 80 42 
95 11 99 12 
180 202 182 204 
124 128 135 128 
131 6 142 6 
71 63 75 64 
39 131 40 135 
131 41 135 42 
14 217 22 217 
36 163 44 163 
48 55 59 55 
127 178 132 179 
110 23 115 24 
154 49 155 52 
89 71 91 73 
87 144 92 145 
63 196 71 196 
19 159 23 160 
6 84 6 94 
197 68 197 77 
145 164 145 174 
93 62 103 62 
0 169 1 173 
5 56 10 57 
115 93 125 93 
175 211 179 212 
85 79 87 82 
97 210 97 220 
114 232 116 234 
85 74 86 78 
100 201 100 208 
19 188 20 192 
168 163 169 168 
78 218 86 218 
99 95 103 96 
63 166 74 166 
67 87 70 88 
51 180 54 181 
45 182 45 190 
50 45 53 47 
71 54 72 59 
139 102 139 112 
92 152 94 154 
91 186 101 186 
152 37 153 42 
184 151 191 151 
143 102 151 102 
160 86 163 87 
175 158 177 160 
129 75 132 77 
136 60 137 64 
29 67 30 70 
163 151 164 155 
112 51 117 52 
91 41 99 41 
159 45 161 47 
10 74 12 77 
62 181 63 186 
11 147 22 147 
98 198 108 198 
5 157 6 161 
86 177 90 178 
137 123 145 123 
104 85 115 85 
39 200 47 200 
136 187 138 190 
131 186 131 196 
148 89 149 93 
119 56 127 56 
192 38 193 42 
125 78 125 89 
96 112 103 112 
46 135 57 135 
161 177 164 178 
71 116 71 126 
139 23 144 24 
46 162 56 162 
103 12 104 16 
42 154 46 155 
59 67 63 68 
179 29 179 39 
71 239 76 240 
147 131 149 134 
61 147 61 157 
129 19 129 30 
137 9 138 14 
142 111 143 115 
93 157 93 166 
60 195 62 197 
73 226 76 228 
108 87 111 88 
101 139 102 143 
17 100 17 109 
40 173 42 176 
97 222 97 229 
164 85 165 89 
77 160 77 171 
24 186 26 188 
185 119 187 121 
17 173 22 174 
188 156 190 158 
92 68 92 77 
91 225 92 230 
65 186 67 188 
71 246 74 247 
135 183 142 183 
39 143 39 152 
171 115 171 122 
77 60 80 62 
43 16 50 16 
109 156 109 163 
70 49 70 59 
35 7 45 7 
159 154 159 162 
2 16 2 26 
151 194 161 194 
105 154 106 158 
15 181 16 186 
72 15 81 15 
28 36 38 36 
86 27 87 31 
105 224 107 226 
117 74 126 74 
146 164 149 165 
7 77 8 80 
115 140 117 143 
17 229 20 231 
176 235 180 236 
159 97 169 97 
80 109 85 110 
38 1 49 1 
63 210 71 210 
179 200 187 200 
186 43 189 44 
88 96 90 98 
151 81 160 81 
173 165 175 168 
75 125 75 136 
35 164 44 164 
77 50 81 51 
143 31 144 34 
2 28 3 32 
83 240 84 244 
100 47 102 50 
100 52 101 57 
91 124 91 135 
180 111 180 119 
8 190 9 194 
13 74 15 77 
7 32 15 32 
174 58 174 67 
122 63 124 66 
1 59 6 60 
34 78 37 80 
2 156 3 159 
149 28 149 35 
167 0 170 1 
160 76 164 77 
110 53 118 53 
108 155 108 162 
24 78 26 81 
148 57 148 65 
123 132 123 140 
6 69 14 69 
54 189 54 196 
77 197 79 199 
89 123 89 133 
13 35 16 37 
66 223 68 226 
160 0 165 1 
146 30 146 38 
96 116 99 118 
103 129 104 133 
91 75 91 83 
13 141 16 142 
144 38 144 47 
4 105 4 115 
125 155 127 158 
50 201 50 211 
101 122 109 122 
109 67 110 70 
9 60 10 65 
175 64 175 73 
143 124 145 127 
103 47 103 58 
63 218 68 219 
139 4 147 4 
118 60 128 60 
102 29 104 31 
66 44 66 55 
85 101 90 102 
134 75 134 83 
4 0 9 1 
24 147 33 147 
23 95 31 95 
33 196 41 196 
114 174 115 178 
25 135 35 135 
185 180 188 182 
126 163 129 164 
184 26 184 34 
75 74 78 76 
0 223 3 224 
126 38 127 43 
182 80 182 87 
49 122 53 123 
46 139 49 140 
115 12 115 22 
86 120 86 131 
136 116 137 120 
4 171 5 175 
83 147 90 147 
125 244 128 246 
103 105 104 108 
99 79 104 80 
159 110 159 121 
107 6 117 6 
139 119 148 119 
118 136 118 144 
45 119 46 123 
14 161 17 162 
74 167 74 176 
106 179 106 190 
84 192 85 197 
22 177 23 182 
164 160 164 168 
3 37 3 46 
31 96 34 98 
66 2 77 2 
46 203 46 210 
7 115 11 116 
132 98 132 107 
74 56 76 58 
153 133 155 135 
106 83 117 83 
119 50 120 55 
155 27 156 31 
186 95 188 98 
103 66 114 66 
8 200 11 201 
148 98 156 98 
27 244 36 244 
75 150 80 151 
58 205 58 216 
103 70 105 72 
124 112 131 112 
125 12 125 23 
6 183 9 185 
82 181 83 184 
38 206 42 207 
132 93 137 94 
146 144 154 144 
162 106 162 113 
165 173 169 174 
130 148 131 152 
101 148 104 150 
48 65 59 65 
90 150 91 153 
54 142 54 149 
64 68 64 78 
179 168 181 170 
161 81 169 81 
141 95 141 104 
43 225 46 227 
122 11 123 15 
50 160 61 160 
87 205 94 205 
81 202 91 202 
171 57 172 60 
50 245 53 246 
33 40 33 50 
0 244 4 245 
184 109 187 111 
172 153 174 156 
153 105 161 105 
44 56 46 59 
59 226 60 229 
118 26 118 35 
32 199 34 202 
167 193 169 195 
155 85 158 86 
95 214 95 224 
98 24 98 32 
41 94 52 94 
148 219 148 227 
172 152 181 152 
35 87 35 96 
127 1 128 4 
42 214 49 214 
29 182 39 182 
91 209 93 212 
145 139 150 140 
58 11 58 22 
117 176 118 181 
56 82 57 85 
89 1 92 2 
63 14 68 15 
98 167 98 176 
107 107 109 109 
82 22 82 33 
77 100 80 102 
24 224 25 229 
191 191 196 192 
0 94 0 105 
97 89 107 89 
0 125 0 135 
162 51 170 51 
187 58 188 63 
63 194 67 195 
154 72 155 76 
1 178 1 185 
172 28 174 30 
63 53 64 57 
54 2 54 11 
4 94 4 102 
100 214 108 214 
56 189 59 190 
5 166 6 170 
138 124 140 126 
46 136 51 137 
19 19 27 19 
89 111 93 112 
20 35 24 36 
10 136 13 138 
12 238 19 238 
130 222 133 224 
79 180 79 189 
46 103 48 106 
4 124 5 129 
108 187 108 196 
126 97 130 98 
3 54 6 55 
106 130 107 135 
3 131 6 132 
141 163 141 171 
62 135 66 136 
183 5 187 6 
128 130 128 137 
22 122 31 122 
144 148 154 148 
70 148 73 150 
97 5 101 6 
79 46 82 48 
97 90 102 91 
69 174 69 182 
132 44 136 45 
28 108 28 115 
42 211 44 213 
40 216 42 219 
67 197 68 201 
127 73 127 81 
109 235 110 240 
180 52 183 53 
194 82 194 89 
121 9 121 17 
36 63 43 63 
130 11 131 16 
57 145 58 149 
81 96 81 106 
73 201 77 202 
22 97 30 97 
2 139 7 140 
112 138 116 139 
160 182 160 193 
120 173 120 184 
4 178 14 178 
17 144 26 144 
11 83 12 87 
101 165 101 173 
46 80 48 83 
108 146 110 148 
68 17 69 22 
136 145 136 156 
166 88 171 89 
12 6 21 6 
152 188 154 191 
159 5 160 9 
44 24 46 27 
90 138 91 143 
33 31 38 32 
62 226 62 234 
188 23 189 26 
44 48 49 49 
108 151 119 151 
147 78 157 78 
160 83 164 84 
52 169 54 171 
48 8 50 10 
63 155 64 160 
29 73 40 73 
175 127 180 128 
156 125 157 129 
110 20 114 21 
144 5 145 10 
67 42 68 45 
52 26 53 29 
49 193 53 194 
111 168 115 169 
97 241 100 242 
78 131 83 132 
54 50 56 53 
92 130 97 131 
5 220 14 220 
12 210 14 213 
86 106 97 106 
195 45 197 47 
111 55 112 60 
2 39 2 46 
53 208 55 211 
117 89 119 91 
77 119 78 124 
0 74 1 79 
124 99 129 100 
56 13 56 20 
117 127 120 128 
134 86 136 88 
45 134 53 134 
155 156 158 157 
24 217 34 217 
70 18 70 27 
99 144 101 146 
132 72 135 73 
22 107 23 111 
92 134 102 134 
41 69 50 69 
91 121 93 123 
113 48 124 48 
120 213 120 223 
101 202 104 204 
172 56 181 56 
45 125 47 128 
29 184 31 187 
105 78 109 79 
24 92 27 93 
75 7 84 7 
169 11 169 21 
143 198 145 201 
154 54 155 57 
82 187 83 190 
2 130 12 130 
184 187 184 196 
139 43 140 48 
90 20 91 23 
127 15 127 23 
48 29 48 37 
17 123 17 132 
5 97 5 105 
130 202 133 203 
177 36 177 44 
56 150 59 151 
9 44 13 45 
81 166 88 166 
149 181 154 182 
3 7 3 16 
16 40 24 40 
93 72 94 77 
63 0 72 0 
169 35 169 46 
75 94 79 95 
141 188 142 191 
138 18 143 19 
132 36 134 38 
181 126 182 130 
83 116 83 125 
29 221 37 221 
59 183 61 186 
61 4 71 4 
51 176 54 178 
26 103 29 105 
146 105 147 110 
48 144 51 146 
116 21 120 22 
33 172 44 172 
114 88 115 92 
56 74 57 77 
110 95 110 103 
191 0 196 1 
145 203 153 203 
18 161 22 162 
8 202 8 212 
12 47 20 47 
180 90 182 93 
62 140 65 142 
27 83 30 85 
56 207 56 217 
52 69 61 69 
142 71 144 73 
76 84 80 85 
32 62 42 62 
0 233 0 241 
1 4 10 4 
72 33 74 36 
63 232 68 233 
138 67 149 67 
87 225 90 226 
29 79 33 80 
166 30 168 32 
119 109 123 110 
115 166 126 166 
111 61 114 62 
143 99 146 100 
37 11 47 11 
96 1 105 1 
9 173 14 174 
83 0 92 0 
89 113 94 114 
8 156 9 161 
17 71 22 72 
107 124 114 124 
112 186 113 191 
23 22 24 26 
62 190 65 192 
158 112 158 122 
119 114 124 115 
92 245 96 246 
45 165 48 166 
105 38 105 48 
72 4 77 5 
186 191 187 195 
55 113 58 115 
51 117 53 119 
119 135 119 144 
112 71 120 71 
6 187 7 191 
121 58 126 59 
15 3 18 5 
58 123 58 132 
17 170 20 172 
116 209 127 209 
75 187 75 196 
121 55 128 55 
127 48 134 48 
66 214 74 214 
171 203 173 206 
145 21 147 24 
21 32 32 32 
141 53 141 61 
93 187 103 187 
134 106 134 114 
168 212 169 216 
106 56 107 61 
55 56 58 57 
43 2 46 4 
6 64 8 67 
43 233 45 235 
125 135 127 137 
2 97 2 104 
21 7 23 10 
23 202 23 209 
116 100 117 105 
184 164 186 166 
33 76 42 76 
36 35 46 35 
27 144 38 144 
45 96 45 105 
96 98 97 102 
89 52 98 52 
156 44 158 46 
50 37 54 38 
79 111 81 114 
171 136 178 136 
91 86 92 91 
175 52 178 54 
177 119 178 123 
77 28 77 37 
99 210 101 213 
64 148 68 149 
10 134 15 135 
11 0 21 0 
147 5 156 5 
136 161 138 164 
92 175 93 180 
179 26 183 27 
60 143 60 152 
27 0 30 1 
153 55 153 62 
70 112 72 115 
17 55 22 56 
29 40 32 41 
87 59 90 61 
46 220 49 222 
53 2 53 10 
152 2 156 3 
125 180 128 182 
138 80 140 82 
24 112 25 116 
69 137 71 140 
74 132 74 141 
163 36 163 44 
85 25 89 26 
59 8 64 9 
155 116 156 120 
0 213 2 215 
19 155 26 155 
73 53 83 53 
105 234 105 242 
20 197 21 201 
36 91 36 102 
68 24 69 28 
151 124 151 131 
150 88 152 91 
56 2 65 2 
157 55 159 58 
62 22 62 30 
7 36 9 38 
166 201 176 201 
99 194 103 195 
53 219 62 219 
49 82 54 83 
60 11 64 12 
149 118 154 119 
22 64 29 64 
2 137 6 138 
65 119 66 124 
86 37 91 38 
131 177 140 177 
9 6 9 14 
73 10 83 10 
118 7 119 11 
57 177 57 185 
21 20 30 20 
103 151 104 155 
20 18 29 18 
130 184 130 195 
84 151 86 154 
135 30 138 32 
172 61 172 69 
90 136 101 136 
0 90 2 92 
117 95 127 95 
63 129 65 132 
176 3 177 8 
154 94 158 95 
65 82 65 91 
152 161 152 168 
127 25 127 36 
148 186 148 195 
123 141 125 143 
25 168 29 169 
177 106 184 106 
31 167 31 174 
15 9 15 18 
47 87 51 88 
103 5 104 10 
16 103 16 114 
105 148 107 151 
101 32 101 43 
115 193 124 193 
117 214 118 219 
54 126 55 130 
27 186 27 195 
170 42 170 49 
137 88 139 90 
64 106 74 106 
24 158 28 159 
45 108 46 113 
9 126 12 128 
90 6 90 17 
3 95 3 104 
18 58 21 60 
158 18 158 28 
83 70 91 70 
109 33 109 41 
62 163 65 165 
136 209 144 209 
10 5 11 9 
82 12 82 20 
15 52 16 56 
133 97 136 98 
96 75 106 75 
187 35 187 42 
49 124 50 127 
156 139 159 141 
100 215 101 218 
120 121 122 123 
39 92 49 92 
25 100 29 101 
1 33 2 38 
32 190 34 193 
100 118 100 125 
150 97 157 97 
169 150 169 159 
78 106 80 108 
68 113 68 123 
24 82 26 85 
52 173 54 175 
117 149 127 149 
147 11 149 13 
15 152 26 152 
44 142 46 145 
149 37 151 39 
37 8 41 9 
23 37 31 37 
14 190 14 200 
76 133 77 136 
98 205 99 209 
160 68 163 70 
77 86 78 91 
168 92 170 94 
150 197 154 198 
97 45 99 48 
138 55 138 63 
87 3 88 7 
116 97 118 99 
115 97 115 107 
34 46 34 54 
81 21 81 30 
73 9 82 9 
165 147 169 148 
80 121 82 124 
12 50 13 55 
135 51 136 55 
25 130 27 132 
163 2 168 3 
40 13 48 13 
118 2 121 3 
69 7 69 16 
106 101 106 108 
1 81 1 88 
42 54 51 54 
51 139 54 141 
163 58 164 62 
159 35 160 38 
111 173 111 182 
87 117 88 121 
64 92 74 92 
105 119 116 119 
121 127 123 130 
1 107 2 112 
70 146 75 147 
165 73 169 74 
153 20 153 31 
95 79 95 87 
81 159 84 161 
148 40 151 41 
14 79 15 84 
131 34 140 34 
133 130 133 137 
86 230 89 231 
55 71 59 72 
41 57 42 60 
60 129 62 132 
84 43 86 46 
151 211 152 216 
51 107 51 116 
94 15 95 18 
0 41 1 46 
35 147 37 150 
71 43 82 43 
47 71 47 78 
132 55 134 57 
19 101 20 106 
73 171 73 179 
120 152 122 154 
122 222 123 225 
190 67 193 69 
14 218 23 218 
1 23 1 32 
72 102 76 103 
126 167 128 169 
49 28 49 36 
120 142 121 145 
157 102 164 102 
176 108 177 112 
118 67 126 67 
132 227 132 235 
103 156 104 160 
20 175 27 175 
81 41 86 42 
96 81 100 82 
147 49 151 50 
57 36 58 41 
70 40 73 42 
152 72 153 76 
175 213 175 220 
34 113 39 114 
27 49 31 50 
144 87 146 89 
9 143 16 143 
49 85 54 86 
30 129 31 133 
49 72 50 75 
23 163 28 164 
40 91 48 91 
54 122 56 125 
140 142 142 144 
8 82 8 90 
39 82 39 91 
63 37 63 44 
109 43 110 47 
90 55 92 57 
44 149 53 149 
74 22 77 24 
68 194 72 195 
33 233 34 237 
0 20 0 30 
16 8 16 19 
3 82 3 89 
116 18 121 19 
183 67 186 68 
42 98 43 103 
96 86 99 88 
5 7 5 16 
19 27 23 28 
104 138 105 141 
56 94 56 105 
14 120 14 129 
104 74 115 74 
69 33 70 36 
50 91 52 93 
38 177 39 181 
176 13 176 22 
81 169 81 179 
159 21 159 28 
26 26 37 26 
131 108 133 110 
105 0 114 0 
0 7 1 12 
69 144 69 154 
83 233 85 235 
77 6 85 6 
134 226 136 229 
25 15 28 16 
153 63 154 67 
110 154 111 158 
32 65 41 65 
60 187 63 189 
25 66 26 70 
2 123 3 128 
12 214 16 215 
47 187 49 190 
95 5 96 10 
84 52 86 54 
42 119 44 121 
133 99 138 100 
30 5 33 7 
47 41 48 44 
83 84 91 84 
190 54 192 56 
58 168 58 177 
0 179 0 186 
12 168 13 172 
101 175 109 175 
37 48 38 51 
54 23 54 33 
21 142 29 142 
147 122 147 129 
28 137 32 138 
161 151 161 159 
86 199 89 200 
108 132 116 132 
43 66 53 66 
13 204 16 205 
37 57 40 59 
156 163 157 168 
38 171 47 171 
29 117 40 117 
76 204 81 205 
0 143 7 143 
32 12 32 19 
21 126 22 131 
89 117 93 118 
120 24 124 25 
86 20 88 22 
28 21 39 21 
85 32 86 35 
163 17 164 21 
62 3 73 3 
40 150 44 151 
104 32 105 37 
86 175 90 176 
155 106 157 108 
18 41 25 41 
174 186 176 188 
93 11 93 19 
130 23 135 24 
16 62 19 63 
131 1 134 3 
11 38 14 40 
124 1 126 4 
111 9 112 14 
18 34 26 34 
80 238 87 238 
54 88 54 98 
85 214 87 217 
162 131 169 131 
21 168 23 170 
87 75 90 77 
84 12 88 13 
150 92 153 93 
116 31 117 35 
37 152 38 156 
163 141 164 146 
15 158 17 160 
158 103 166 103 
108 7 109 11 
50 95 50 106 
142 0 146 1 
27 179 29 181 
40 118 41 123 
0 50 5 51 
37 13 39 16 
9 146 19 146 
115 73 126 73 
25 207 26 210 
39 3 41 6 
161 29 163 31 
24 154 32 154 
30 91 32 93 
32 122 34 124 
50 40 54 41 
170 110 171 113 
105 30 110 31 
37 207 37 214 
21 86 29 86 
49 191 52 192 
65 68 65 77 
44 46 49 47 
127 102 129 104 
129 234 131 236 
0 191 0 198 
161 179 162 183 
47 177 48 180 
120 32 121 37 
34 1 37 3 
48 115 48 126 
49 163 56 163 
29 61 36 61 
50 57 52 59 
30 57 33 58 
27 229 29 231 
128 217 135 217 
69 128 71 131 
148 7 157 7 
98 53 99 58 
125 120 127 122 
104 65 114 65 
47 154 49 156 
125 117 134 117 
139 225 140 228 
139 131 141 133 
131 180 139 180 
97 156 97 165 
27 222 28 227 
5 185 5 192 
74 8 81 8 
58 106 59 110 
37 71 42 72 
126 87 128 90 
33 112 40 112 
184 82 184 93 
85 173 85 180 
1 148 3 150 
5 27 7 29 
64 98 68 99 
132 28 137 29 
114 186 116 188 
20 202 21 206 
139 28 140 32 
121 97 124 98 
147 27 147 38 
40 158 48 158 
14 101 15 105 
13 20 16 22 
142 30 142 37 
142 145 146 146 
89 66 97 66 
18 42 26 42 
172 88 173 92 
63 87 64 91 
172 31 176 32 
94 104 97 105 
140 39 141 42 
85 188 87 190 
152 51 152 59 
109 18 109 25 
91 96 93 98 
97 15 98 18 
25 128 33 128 
60 22 60 30 
68 101 71 102 
168 106 175 106 
88 134 89 139 
37 99 37 108 
73 81 73 91 
29 158 34 159 
119 207 128 207 
24 43 25 47 
102 51 102 58 
138 173 143 174 
189 77 189 86 
162 55 165 57 
7 31 16 31 
28 33 30 35 
8 41 17 41 
178 60 178 71 
161 74 164 75 
132 95 135 96 
113 38 118 39 
15 175 17 178 
72 186 74 188 
192 86 193 89 
8 16 10 19 
60 37 60 47 
72 48 74 51 
31 160 40 160 
153 150 156 151 
190 15 192 18 
19 178 20 182 
147 16 156 16 
86 183 89 184 
18 189 18 200 
83 101 84 106 
36 199 38 202 
59 81 61 83 
35 27 43 27 
9 49 10 53 
57 94 68 94 
29 196 29 203 
17 148 21 149 
137 17 144 17 
44 70 44 80 
0 110 0 121 
107 82 117 82 
123 41 124 45 
37 123 37 131 
81 75 84 77 
129 170 131 173 
96 28 97 33 
31 218 35 219 
140 13 143 14 
92 196 96 197 
118 13 119 17 
43 159 53 159 
6 95 6 103 
10 208 10 216 
77 97 80 99 
72 116 73 120 
60 133 64 134 
22 119 32 119 
9 139 12 140 
180 21 181 25 
135 26 144 26 
52 1 61 1 
59 168 59 178 
32 183 43 183 
17 87 26 87 
57 79 60 80 
34 5 38 6 
120 68 122 70 
15 151 25 151 
111 67 113 70 
52 17 55 19 
124 108 127 110 
128 50 135 50 
35 188 38 189 
67 84 70 86 
181 119 182 122 
128 41 130 44 
153 137 162 137 
73 79 83 79 
97 76 101 77 
159 144 162 146 
67 69 67 76 
53 112 54 115 
148 9 152 10 
75 0 78 1 
27 52 28 56 
86 108 89 110 
121 84 121 91 
88 104 93 105 
61 18 61 26 
119 200 122 201 
176 147 183 147 
0 52 0 60 
121 51 124 53 
53 182 55 184 
131 158 133 160 
113 217 114 220 
67 32 67 41 
84 97 87 99 
139 78 142 79 
99 148 99 156 
84 93 93 93 
123 78 124 81 
61 138 66 139 
107 104 109 106 
0 145 2 147 
61 123 64 125 
50 60 52 62 
41 126 44 128 
78 20 79 24 
34 42 37 43 
35 18 40 19 
129 118 134 119 
101 201 108 201 
95 22 104 22 
89 119 92 120 
15 1 18 2 
112 87 119 87 
25 49 25 56 
101 65 102 70 
48 235 49 238 
67 125 68 128 
173 46 173 54 
73 93 81 93 
83 140 84 144 
81 63 81 70 
128 38 131 40 
15 26 16 30 
115 197 118 198 
113 104 114 107 
74 68 74 77 
59 7 67 7 
135 65 146 65 
160 67 169 67 
3 116 4 119 
97 201 97 209 
77 110 78 113 
115 154 116 158 
75 116 75 124 
82 111 82 119 
41 86 42 89 
41 78 42 83 
50 81 58 81 
16 123 16 131 
98 98 103 99 
151 44 153 46 
75 234 76 238 
65 167 67 170 
79 35 81 37 
109 89 110 92 
15 68 18 70 
38 140 41 141 
52 220 53 223 
19 114 20 119 
132 60 135 62 
114 179 116 182 
114 135 117 136 
179 11 180 16 
87 42 89 45 
64 104 68 105 
172 2 173 6 
21 38 32 38 
94 95 98 96 
146 124 146 133 
48 19 48 28 
59 34 59 43 
125 31 126 35 
52 225 56 226 
45 161 53 161 
149 113 156 113 
73 45 83 45 
128 69 136 69 
142 91 143 95 
29 107 31 110 
3 207 4 211 
60 52 60 63 
111 15 112 18 
98 184 101 185 
125 114 132 114 
161 18 162 22 
130 20 135 21 
77 40 84 40 
62 174 63 177 
185 12 196 12 
48 67 56 67 
100 36 100 46 
12 58 17 59 
146 179 148 181 
0 80 0 89 
52 136 60 136 
76 172 77 176 
122 71 125 72 
27 62 30 63 
116 10 116 17 
147 53 151 54 
118 171 119 175 
46 63 51 64 
38 80 38 91 
36 37 37 40 
67 52 67 60 
49 129 53 130 
49 111 49 121 
153 174 164 174 
58 26 58 34 
2 142 11 142 
12 115 13 119 
63 223 63 231 
110 198 113 199 
63 79 64 83 
84 88 87 89 
50 153 53 155 
3 71 5 74 
36 55 45 55 
78 139 78 146 
92 78 92 85 
132 148 133 151 
46 38 49 40 
11 192 11 199 
110 54 110 61 
98 142 98 149 
23 31 30 31 
126 12 129 13 
175 119 175 126 
23 100 24 103 
78 158 78 167 
22 62 25 63 
86 133 86 140 
113 55 114 59 
86 206 87 209 
137 102 138 106 
2 167 2 174 
6 9 7 14 
41 185 43 187 
153 122 154 125 
7 104 11 105 
155 63 156 67 
41 40 41 48 
183 31 183 38 
108 94 116 94 
192 28 195 29 
93 60 96 61 
144 191 146 193 
2 71 2 79 
31 203 34 204 
4 61 8 62 
19 9 20 12 
84 94 93 94 
28 4 29 7 
135 112 136 115 
126 126 133 126 
60 49 62 51 
63 108 66 110 
74 107 77 108 
178 1 189 1 
104 209 105 213 
40 40 40 48 
0 47 9 47 
2 183 3 187 
1 133 10 133 
60 190 61 194 
82 133 82 143 
37 23 40 25 
38 203 40 205 
119 111 123 112 
154 83 159 84 
1 233 3 236 
9 97 10 101 
25 21 27 24 
7 136 9 138 
96 191 99 192 
71 218 72 222 
108 13 109 17 
96 113 101 114 
14 23 22 23 
114 115 117 116 
69 184 69 192 
35 226 39 227 
59 101 61 103 
81 55 85 56 
20 91 23 92 
95 138 100 139 
38 74 42 75 
12 17 14 19 
33 102 34 107 
32 166 32 174 
72 16 72 26 
28 188 31 190 
46 71 46 79 
72 68 72 76 
133 7 137 8 
162 63 170 63 
11 88 13 90 
96 178 104 178 
17 110 21 111 
91 58 92 62 
7 155 7 163 
5 114 13 114 
38 173 39 176 
146 143 153 143 
9 169 10 172 
9 153 17 153 
24 88 26 91 
134 131 135 136 
18 48 20 50 
20 139 23 140 
10 11 12 14 
79 119 79 126 
129 82 132 84 
32 33 40 33 
130 123 134 124 
92 24 95 25 
167 39 167 50 
131 184 140 184 
25 166 29 167 
12 60 16 61 
26 137 27 140 
32 46 32 55 
14 93 23 93 
74 12 77 14 
180 71 182 73 
145 120 148 121 
64 33 64 44 
113 49 118 50 
121 194 124 195 
49 198 52 199 
45 150 52 150 
21 77 30 77 
75 71 79 72 
34 29 39 30 
43 21 46 23 
125 115 134 115 
99 32 99 39 
19 95 20 99 
96 63 99 65 
25 214 29 215 
30 22 40 22 
12 181 14 184 
23 123 30 123 
129 2 130 6 
112 140 112 147 
128 214 135 214 
111 186 111 193 
55 3 56 8 
10 78 11 81 
68 46 78 46 
155 17 156 21 
52 76 55 77 
148 169 149 174 
104 86 107 88 
139 127 140 130 
32 113 33 116 
26 46 31 47 
21 49 22 54 
113 9 115 11 
20 64 21 68 
123 75 126 76 
71 171 72 174 
160 118 161 121 
52 79 56 80 
