2867
691 993 696 994 
641 45 647 46 
788 889 794 890 
880 396 881 402 
340 546 345 547 
725 922 726 928 
998 963 998 975 
943 819 944 825 
999 393 999 406 
970 991 976 992 
929 993 930 999 
384 977 385 982 
840 642 846 643 
907 466 919 466 
887 954 893 955 
935 938 935 949 
996 605 997 611 
949 939 955 940 
996 448 999 450 
916 959 927 959 
687 999 698 999 
995 917 995 929 
733 971 733 982 
999 730 999 741 
316 781 316 793 
932 886 938 887 
982 670 984 673 
494 726 497 728 
892 652 898 653 
477 991 490 991 
894 926 897 928 
953 835 953 848 
889 227 890 233 
706 979 706 992 
988 980 999 980 
990 870 990 882 
261 857 261 870 
793 630 793 642 
958 901 963 902 
992 997 998 998 
968 996 981 996 
854 972 855 978 
982 999 995 999 
480 912 491 912 
999 593 999 605 
495 962 496 967 
997 983 997 996 
979 738 981 741 
966 994 972 995 
798 905 798 917 
514 996 525 996 
993 984 993 996 
880 885 892 885 
364 998 370 999 
308 989 309 994 
948 995 960 995 
992 695 993 701 
982 665 994 665 
981 997 987 998 
968 836 968 848 
752 187 758 188 
796 833 796 846 
526 476 527 482 
984 986 990 987 
496 739 497 745 
981 543 983 546 
562 999 574 999 
929 794 929 807 
962 999 973 999 
967 893 973 894 
783 997 795 997 
688 718 688 731 
991 885 992 891 
602 909 604 912 
949 538 949 551 
795 822 796 828 
741 977 752 977 
940 841 942 844 
979 993 985 994 
976 806 976 819 
904 470 904 483 
922 886 922 898 
951 77 952 83 
769 868 775 869 
971 937 977 938 
959 947 962 949 
990 955 990 966 
913 993 914 999 
936 970 937 976 
994 767 994 780 
995 845 997 848 
974 998 980 999 
879 986 891 986 
791 770 804 770 
998 642 999 648 
742 430 748 431 
995 955 995 966 
26 614 39 614 
996 933 999 935 
771 898 772 904 
840 336 842 339 
459 670 461 673 
38 357 41 359 
856 999 867 999 
730 999 742 999 
759 993 760 999 
962 519 968 520 
901 996 907 997 
971 12 972 17 
988 937 999 937 
981 972 982 978 
988 906 991 908 
497 996 503 997 
532 974 544 974 
961 58 961 70 
959 653 959 666 
980 568 986 569 
970 584 970 597 
928 773 929 779 
907 978 919 978 
836 493 836 504 
943 851 948 852 
938 963 938 976 
715 937 717 940 
618 966 619 971 
994 434 997 436 
985 182 987 185 
725 603 737 603 
982 951 983 957 
917 663 917 674 
985 675 991 676 
698 833 698 846 
962 909 975 909 
989 910 990 916 
704 914 704 925 
979 989 990 989 
920 290 920 302 
956 979 956 991 
618 997 630 997 
805 207 806 213 
978 467 979 473 
974 995 987 995 
898 911 911 911 
118 964 121 966 
999 558 999 570 
979 937 981 940 
998 983 999 989 
983 603 996 603 
906 981 906 994 
966 922 971 923 
936 538 937 544 
949 936 961 936 
244 931 244 944 
999 270 999 283 
669 961 670 967 
760 625 760 636 
707 980 719 980 
994 838 995 844 
936 610 936 622 
993 680 993 692 
975 974 975 987 
598 640 599 646 
821 240 826 241 
810 943 811 949 
535 987 536 993 
656 178 656 190 
967 941 978 941 
869 77 869 89 
987 894 992 895 
992 951 997 952 
941 986 954 986 
999 433 999 445 
845 652 845 663 
279 903 292 903 
918 946 920 949 
989 870 989 883 
120 971 123 973 
579 984 592 984 
998 768 999 773 
576 977 576 990 
896 774 897 780 
852 960 865 960 
406 935 406 948 
931 865 944 865 
15 917 15 930 
342 950 345 952 
986 855 986 867 
957 946 958 952 
939 979 939 991 
960 986 961 992 
89 888 90 894 
806 680 806 691 
32 915 33 921 
449 971 462 971 
968 876 969 882 
814 972 826 972 
998 881 999 886 
898 136 911 136 
716 987 727 987 
753 519 766 519 
821 992 822 998 
983 426 983 439 
948 817 948 829 
995 988 996 994 
901 883 901 895 
998 348 998 361 
954 959 956 962 
999 942 999 955 
981 822 987 823 
214 994 220 995 
872 907 872 919 
997 696 997 708 
892 215 893 221 
983 904 984 909 
905 980 905 992 
991 526 991 538 
927 764 940 764 
576 762 582 763 
772 965 772 978 
955 739 956 745 
986 670 992 671 
358 960 358 973 
964 931 964 944 
649 972 662 972 
907 936 912 937 
335 960 335 971 
950 871 951 877 
979 852 982 854 
964 780 976 780 
695 481 698 483 
996 491 996 503 
780 994 792 994 
999 957 999 970 
996 867 996 879 
580 999 593 999 
373 754 376 756 
912 855 914 858 
512 879 524 879 
436 51 442 52 
998 759 999 764 
850 993 862 993 
899 628 910 628 
663 238 663 249 
944 679 957 679 
801 954 801 967 
949 733 950 739 
985 978 986 984 
912 925 915 927 
651 983 664 983 
922 995 924 998 
140 963 153 963 
994 869 994 880 
744 996 757 996 
712 320 725 320 
875 849 876 854 
650 137 653 139 
599 963 611 963 
987 720 992 721 
807 900 809 903 
960 980 966 981 
588 808 588 821 
920 955 933 955 
990 974 995 975 
994 789 995 795 
955 998 961 999 
431 969 431 980 
744 647 757 647 
999 782 999 794 
968 543 968 556 
939 73 939 85 
887 116 888 122 
698 997 703 998 
589 771 594 772 
796 985 797 990 
999 709 999 721 
915 657 916 663 
705 956 705 969 
983 713 995 713 
920 984 921 989 
993 817 995 820 
966 942 978 942 
968 376 981 376 
945 219 945 232 
128 998 141 998 
205 871 205 883 
833 451 834 457 
730 959 742 959 
516 998 521 999 
994 976 997 978 
974 394 987 394 
987 842 987 855 
983 964 984 970 
975 968 978 970 
72 805 73 810 
205 931 205 943 
614 561 615 567 
487 850 499 850 
653 945 659 946 
838 778 839 783 
612 999 623 999 
65 877 66 883 
971 946 977 947 
947 938 947 950 
998 679 998 692 
729 993 742 993 
898 792 911 792 
791 904 804 904 
438 824 441 826 
979 286 980 292 
994 680 996 683 
992 591 998 592 
537 958 549 958 
847 736 860 736 
445 996 458 996 
980 461 981 467 
997 900 997 913 
891 831 903 831 
118 997 123 998 
911 552 912 558 
994 726 997 728 
689 14 691 17 
721 904 727 905 
925 289 926 295 
830 988 831 993 
653 997 658 998 
546 996 549 998 
685 992 690 993 
983 315 986 317 
320 998 333 998 
885 942 897 942 
489 975 489 987 
972 640 973 645 
792 736 805 736 
973 866 979 867 
943 909 948 910 
803 716 803 729 
768 299 769 305 
726 608 738 608 
970 742 981 742 
338 683 349 683 
7 988 13 989 
935 998 941 999 
979 926 984 927 
815 548 816 554 
944 639 956 639 
998 916 998 927 
77 841 83 842 
527 968 527 981 
998 506 998 517 
978 896 981 898 
935 842 935 854 
223 984 223 995 
577 66 583 67 
975 459 975 471 
976 767 988 767 
464 998 476 998 
442 682 447 683 
859 61 872 61 
520 711 533 711 
996 261 996 274 
463 754 464 760 
677 991 678 997 
935 980 935 992 
998 815 998 826 
465 578 465 589 
986 677 986 689 
805 853 805 866 
794 999 805 999 
998 615 999 621 
170 676 183 676 
997 642 997 654 
997 962 997 975 
367 748 368 754 
870 81 883 81 
960 914 960 927 
993 826 994 832 
955 997 967 997 
796 997 807 997 
587 976 588 982 
841 998 846 999 
926 636 926 647 
892 960 893 966 
2 999 13 999 
37 868 40 870 
940 948 941 953 
167 957 167 970 
939 968 940 974 
213 891 225 891 
13 794 14 799 
997 877 997 888 
291 981 292 987 
981 690 986 691 
875 827 875 838 
995 494 995 506 
958 969 959 975 
425 699 438 699 
976 744 976 755 
888 993 889 999 
944 968 957 968 
866 155 879 155 
161 706 174 706 
540 405 553 405 
923 250 925 253 
504 933 504 946 
917 917 917 930 
340 995 353 995 
991 954 994 956 
476 105 476 117 
695 975 706 975 
974 953 974 966 
762 865 763 870 
379 648 391 648 
995 687 997 690 
989 735 989 747 
992 751 998 752 
315 357 328 357 
949 965 962 965 
995 275 996 281 
987 763 993 764 
962 488 975 488 
677 852 677 865 
249 999 260 999 
562 983 562 996 
987 583 987 595 
703 837 715 837 
985 258 985 271 
842 987 847 988 
503 958 503 971 
838 980 840 983 
754 971 755 976 
923 418 923 429 
983 299 994 299 
428 997 441 997 
391 991 394 993 
985 958 985 970 
957 904 969 904 
491 985 492 991 
911 992 922 992 
766 983 766 995 
924 976 924 988 
728 954 740 954 
645 844 646 849 
269 789 281 789 
875 934 881 935 
975 106 977 109 
979 917 982 919 
985 628 986 633 
271 958 271 969 
811 989 823 989 
650 614 650 626 
718 991 719 996 
884 990 897 990 
765 978 771 979 
995 60 995 72 
697 522 703 523 
976 820 977 826 
161 833 167 834 
303 978 303 990 
936 405 941 406 
969 767 969 778 
998 528 999 534 
811 998 816 999 
647 978 648 983 
923 654 924 660 
774 985 779 986 
912 912 925 912 
543 690 543 702 
870 907 870 919 
677 989 683 990 
965 802 978 802 
886 141 892 142 
940 572 946 573 
949 749 954 750 
994 939 996 942 
795 120 795 133 
215 979 217 982 
951 584 957 585 
572 973 573 978 
952 50 958 51 
562 865 563 871 
695 89 707 89 
970 864 970 876 
560 970 562 973 
539 475 542 477 
493 953 504 953 
992 856 992 867 
969 926 974 927 
991 863 991 876 
708 998 720 998 
556 235 556 248 
518 337 529 337 
815 918 820 919 
206 724 206 737 
581 971 581 983 
973 968 973 980 
992 251 992 263 
326 952 338 952 
647 460 647 471 
994 884 994 897 
996 907 996 919 
992 204 992 216 
197 994 203 995 
924 967 930 968 
998 386 998 398 
997 940 998 946 
376 976 389 976 
809 985 809 998 
955 978 955 989 
927 972 933 973 
994 984 996 987 
877 177 889 177 
998 841 999 846 
875 625 875 637 
703 955 703 968 
708 999 721 999 
855 839 855 851 
917 808 917 821 
810 895 810 906 
879 987 892 987 
602 979 603 985 
899 818 901 821 
776 993 789 993 
967 979 968 985 
648 673 648 685 
916 880 919 882 
433 958 445 958 
994 912 994 924 
815 930 821 931 
805 928 816 928 
999 853 999 866 
856 910 856 921 
224 787 230 788 
917 969 930 969 
941 992 952 992 
999 167 999 180 
997 667 999 670 
700 984 705 985 
309 973 322 973 
989 982 995 983 
998 565 998 576 
560 432 560 445 
967 934 973 935 
344 962 350 963 
928 941 929 947 
998 213 999 219 
423 995 428 996 
995 620 995 632 
999 915 999 926 
942 518 943 523 
947 431 949 434 
829 948 829 960 
921 944 923 947 
801 938 801 951 
374 967 380 968 
252 164 252 176 
411 985 411 996 
834 787 834 799 
981 804 987 805 
797 876 797 888 
995 136 995 148 
666 787 678 787 
845 900 845 913 
901 466 906 467 
907 943 920 943 
953 918 953 929 
824 661 837 661 
278 342 278 353 
740 462 741 468 
892 939 898 940 
76 932 76 944 
871 924 872 929 
965 970 970 971 
996 857 998 860 
999 807 999 818 
832 997 845 997 
58 956 61 958 
995 862 997 865 
212 929 225 929 
945 954 945 965 
983 373 983 384 
970 976 970 987 
912 643 913 649 
899 431 904 432 
997 138 997 150 
824 975 825 981 
337 520 340 522 
690 936 692 939 
890 958 890 970 
805 981 811 982 
852 240 852 253 
791 516 792 522 
287 975 288 981 
989 462 989 475 
635 967 641 968 
642 376 643 382 
680 983 692 983 
742 997 755 997 
398 802 399 808 
636 990 648 990 
381 999 394 999 
846 955 858 955 
618 996 629 996 
752 989 764 989 
985 795 991 796 
620 896 621 902 
988 486 988 497 
309 820 314 821 
885 869 886 875 
843 955 844 961 
913 710 913 723 
212 408 215 410 
81 997 94 997 
879 715 881 718 
986 958 986 970 
966 949 979 949 
952 660 953 666 
723 303 724 309 
514 988 520 989 
704 941 705 946 
495 998 506 998 
921 900 934 900 
998 795 998 808 
391 45 402 45 
999 819 999 832 
915 463 927 463 
735 895 746 895 
658 741 664 742 
996 635 999 637 
770 801 781 801 
822 770 824 773 
951 226 963 226 
636 995 649 995 
976 899 988 899 
960 736 966 737 
989 954 989 967 
813 837 813 848 
773 558 774 564 
267 942 267 955 
992 962 994 965 
957 982 963 983 
871 978 873 981 
873 943 879 944 
886 614 886 626 
968 662 968 675 
704 880 704 893 
853 948 866 948 
925 849 925 862 
469 684 470 690 
622 644 622 657 
993 249 996 251 
950 935 962 935 
981 354 986 355 
525 999 538 999 
988 269 991 271 
896 933 901 934 
960 787 961 793 
447 871 449 874 
780 989 786 990 
853 368 865 368 
920 928 923 930 
507 438 507 450 
813 995 819 996 
117 78 118 83 
992 916 993 921 
947 690 950 692 
8 954 8 965 
985 933 990 934 
979 293 979 306 
148 861 161 861 
752 944 758 945 
950 336 951 342 
659 787 659 800 
333 995 339 996 
112 387 114 390 
969 948 982 948 
154 904 155 910 
722 990 723 996 
849 974 850 980 
997 734 997 747 
940 147 946 148 
975 127 978 129 
759 930 760 936 
998 426 998 438 
888 934 893 935 
350 997 356 998 
782 839 793 839 
178 957 191 957 
964 745 965 751 
635 994 648 994 
993 356 994 361 
90 896 92 899 
251 947 251 960 
835 452 835 465 
847 580 847 593 
954 438 966 438 
165 943 166 948 
804 961 804 972 
986 20 988 23 
358 299 364 300 
896 971 896 984 
849 868 855 869 
983 990 989 991 
909 983 922 983 
555 262 561 263 
817 991 829 991 
944 42 957 42 
876 783 878 786 
629 480 631 483 
998 902 998 915 
985 976 991 977 
925 353 925 366 
722 983 728 984 
863 569 866 571 
986 179 991 180 
980 837 993 837 
999 342 999 355 
739 995 741 998 
998 137 998 150 
880 774 885 775 
969 404 969 416 
981 950 981 963 
333 5 333 17 
979 907 980 913 
928 879 939 879 
936 684 938 687 
847 997 860 997 
998 224 999 230 
667 894 679 894 
891 781 896 782 
963 967 969 968 
745 998 758 998 
821 941 821 953 
899 665 911 665 
980 220 980 233 
764 914 770 915 
948 976 961 976 
635 694 635 705 
554 998 567 998 
987 385 988 391 
551 987 551 999 
224 925 236 925 
227 966 228 972 
998 86 998 98 
835 840 836 846 
455 28 455 41 
855 751 855 764 
980 754 980 765 
962 171 974 171 
552 857 552 869 
906 932 918 932 
823 607 823 618 
309 949 315 950 
904 859 915 859 
363 968 369 969 
141 976 154 976 
488 483 489 489 
846 710 859 710 
202 853 202 866 
885 974 891 975 
953 429 959 430 
929 958 942 958 
980 652 980 664 
996 963 996 974 
813 764 813 777 
982 900 988 901 
996 616 996 629 
182 387 183 392 
555 480 567 480 
994 553 994 566 
980 796 981 801 
728 878 728 891 
891 988 897 989 
829 635 829 648 
966 987 967 992 
902 869 902 881 
173 900 178 901 
984 830 985 836 
963 913 963 924 
987 952 987 964 
214 849 215 854 
694 947 696 950 
856 877 856 890 
684 994 689 995 
999 300 999 313 
926 985 926 996 
887 869 888 874 
942 996 953 996 
997 820 997 833 
945 862 951 863 
447 899 453 900 
424 829 436 829 
934 738 934 751 
41 997 54 997 
729 898 742 898 
442 986 454 986 
598 352 603 353 
712 989 718 990 
810 962 810 974 
10 830 22 830 
990 42 990 54 
963 134 963 147 
993 945 994 950 
981 616 981 629 
826 998 837 998 
973 432 973 445 
907 623 913 624 
183 919 184 925 
446 998 452 999 
995 254 995 266 
874 675 874 686 
46 861 47 867 
964 682 964 695 
977 959 978 965 
3 196 16 196 
758 459 758 471 
898 907 901 909 
789 484 802 484 
996 417 996 428 
839 923 845 924 
876 998 887 998 
840 995 852 995 
413 956 424 956 
740 679 742 682 
191 169 192 174 
627 905 633 906 
95 994 106 994 
985 558 986 564 
980 823 980 836 
304 996 317 996 
194 796 195 801 
987 969 988 975 
888 584 894 585 
994 519 996 522 
581 985 582 990 
979 889 981 892 
177 558 190 558 
785 877 786 883 
776 28 787 28 
631 981 644 981 
337 386 337 399 
983 877 984 882 
951 909 952 915 
990 938 991 944 
973 718 973 729 
785 897 797 897 
978 613 984 614 
930 596 930 608 
908 965 908 976 
126 933 132 934 
426 992 439 992 
432 998 445 998 
19 895 24 896 
995 310 997 313 
849 994 862 994 
825 999 837 999 
984 553 990 554 
823 985 836 985 
231 562 232 568 
172 998 178 999 
945 734 946 740 
833 914 833 927 
850 941 862 941 
973 484 986 484 
14 833 20 834 
980 713 980 725 
782 919 783 925 
981 295 987 296 
989 634 991 637 
372 986 373 992 
333 616 345 616 
937 359 938 365 
936 946 941 947 
955 896 968 896 
992 469 992 482 
224 970 225 976 
898 925 899 931 
839 837 839 850 
783 943 783 954 
703 879 703 890 
627 984 633 985 
856 809 869 809 
425 990 438 990 
858 989 861 991 
993 416 993 428 
78 591 84 592 
977 337 990 337 
194 998 207 998 
965 933 965 945 
231 994 244 994 
841 962 854 962 
217 958 217 971 
164 996 170 997 
621 702 621 715 
951 944 951 957 
801 154 803 157 
538 961 549 961 
408 965 408 978 
923 931 935 931 
987 731 987 743 
947 654 952 655 
930 382 936 383 
983 940 986 942 
986 839 986 852 
905 973 906 979 
120 574 123 576 
41 985 54 985 
508 894 520 894 
328 653 333 654 
901 544 901 557 
761 998 774 998 
976 978 977 984 
57 883 59 886 
997 117 997 130 
426 915 427 921 
852 892 853 898 
914 772 920 773 
361 680 362 686 
53 993 59 994 
933 966 935 969 
51 746 52 752 
384 904 389 905 
193 703 205 703 
617 987 623 988 
983 370 989 371 
821 876 833 876 
720 265 732 265 
723 790 729 791 
960 633 972 633 
381 448 382 454 
595 152 595 164 
785 817 788 819 
556 904 556 915 
903 392 909 393 
989 732 995 733 
865 150 871 151 
989 693 989 706 
728 654 728 667 
811 915 822 915 
586 998 599 998 
968 884 980 884 
548 990 550 993 
986 945 989 947 
925 965 937 965 
897 202 903 203 
436 964 436 976 
835 602 840 603 
998 742 999 747 
992 347 994 350 
997 465 997 477 
974 686 974 698 
455 975 455 987 
825 476 825 487 
865 989 878 989 
445 518 446 523 
829 680 832 682 
877 961 882 962 
982 881 982 894 
773 897 779 898 
970 209 983 209 
761 690 761 703 
961 424 974 424 
887 926 888 932 
938 977 938 990 
677 547 690 547 
959 911 970 911 
908 501 914 502 
898 980 899 986 
867 37 867 48 
992 159 998 160 
869 951 882 951 
200 957 200 970 
45 22 45 35 
172 973 183 973 
654 994 666 994 
983 553 983 565 
729 994 740 994 
795 981 800 982 
604 943 609 944 
440 725 440 737 
903 969 903 981 
183 559 184 564 
457 982 460 984 
42 947 55 947 
570 971 576 972 
447 782 448 787 
909 222 914 223 
865 665 865 678 
180 295 186 296 
791 996 804 996 
297 998 303 999 
828 884 828 897 
998 651 998 664 
77 263 77 276 
67 989 68 995 
980 106 986 107 
682 899 685 901 
939 268 941 271 
247 987 248 993 
392 904 392 917 
586 967 586 978 
763 465 769 466 
754 856 755 862 
893 329 893 341 
573 488 575 491 
991 494 992 500 
690 763 691 769 
387 937 388 943 
942 973 948 974 
540 932 541 937 
247 928 260 928 
870 955 876 956 
129 832 129 845 
608 748 620 748 
677 831 677 844 
152 679 163 679 
947 557 950 559 
858 540 860 543 
986 826 989 828 
958 644 958 656 
563 939 563 950 
387 996 390 998 
321 994 333 994 
947 883 947 895 
990 502 991 508 
972 136 972 148 
655 492 655 504 
778 930 789 930 
991 922 993 925 
420 575 420 588 
707 994 709 997 
840 793 852 793 
926 375 931 376 
777 667 777 678 
969 924 982 924 
645 972 647 975 
878 979 884 980 
922 327 934 327 
875 990 880 991 
504 467 506 470 
590 453 595 454 
224 934 225 940 
951 834 964 834 
655 955 655 968 
908 785 914 786 
879 207 884 208 
860 36 860 49 
431 999 444 999 
573 710 574 715 
780 670 793 670 
998 454 998 467 
60 996 72 996 
997 718 998 724 
834 679 835 684 
893 995 896 997 
969 451 981 451 
330 888 331 894 
977 985 990 985 
977 769 988 769 
401 86 402 91 
892 712 893 717 
915 869 916 875 
994 835 999 836 
942 883 944 886 
678 940 684 941 
509 993 522 993 
865 113 878 113 
631 950 631 963 
376 956 387 956 
628 999 639 999 
682 898 694 898 
558 997 571 997 
933 829 945 829 
738 696 739 702 
856 35 856 47 
96 961 101 962 
911 965 912 970 
974 832 974 843 
972 944 985 944 
879 982 892 982 
990 195 991 200 
994 801 997 803 
803 988 808 989 
933 985 933 998 
862 775 862 787 
810 988 822 988 
961 843 962 849 
899 760 905 761 
973 798 979 799 
953 581 965 581 
876 981 889 981 
732 560 732 572 
532 973 543 973 
612 726 612 739 
373 364 386 364 
174 965 177 967 
809 882 809 894 
870 838 871 843 
850 236 862 236 
108 919 110 922 
917 936 929 936 
965 441 966 447 
198 824 211 824 
799 756 799 769 
989 92 989 105 
134 989 135 995 
989 824 994 825 
867 985 870 987 
470 996 476 997 
417 885 428 885 
201 963 214 963 
941 209 941 220 
834 917 835 922 
975 240 988 240 
800 755 800 766 
878 892 890 892 
326 967 331 968 
955 307 968 307 
960 679 973 679 
900 803 906 804 
855 998 868 998 
991 746 991 759 
160 918 160 930 
975 678 981 679 
421 976 421 987 
974 977 974 989 
775 376 781 377 
395 956 408 956 
380 979 382 982 
672 613 672 626 
954 466 955 471 
594 158 594 171 
966 918 969 920 
909 793 910 799 
950 923 951 928 
992 766 993 772 
996 382 999 384 
995 177 997 180 
681 927 693 927 
682 980 693 980 
822 588 827 589 
684 598 695 598 
494 957 496 960 
380 936 386 937 
150 987 162 987 
967 961 973 962 
957 923 957 934 
950 967 962 967 
985 781 998 781 
836 484 842 485 
373 997 378 998 
894 867 894 880 
267 916 279 916 
781 444 786 445 
288 296 291 298 
999 545 999 556 
619 845 619 857 
955 778 961 779 
974 426 974 437 
749 959 749 972 
194 654 199 655 
982 806 995 806 
728 920 729 926 
450 414 463 414 
987 860 987 873 
876 968 888 968 
983 752 986 754 
825 996 831 997 
564 996 577 996 
962 889 975 889 
838 609 851 609 
818 786 818 799 
893 865 893 877 
963 3 965 6 
362 970 368 971 
972 360 972 373 
331 937 342 937 
312 928 325 928 
714 946 717 948 
368 660 374 661 
996 290 996 302 
634 728 634 741 
962 988 964 991 
989 521 989 533 
555 969 556 975 
24 966 25 971 
822 820 822 833 
530 983 536 984 
959 940 962 942 
344 508 347 510 
713 985 715 988 
999 239 999 250 
985 734 986 740 
187 269 193 270 
979 977 980 983 
860 973 866 974 
941 315 942 320 
372 925 384 925 
943 807 945 810 
975 694 975 707 
981 636 982 642 
280 984 281 990 
431 162 431 174 
804 328 805 334 
539 993 542 995 
910 853 915 854 
832 862 833 868 
755 939 766 939 
965 694 968 696 
404 964 405 970 
868 388 869 394 
737 920 737 932 
996 77 998 80 
582 996 594 996 
917 981 922 982 
876 997 887 997 
402 987 402 999 
0 921 1 927 
830 33 831 39 
73 904 73 916 
784 744 797 744 
740 968 741 973 
863 653 863 664 
703 951 708 952 
793 817 799 818 
986 917 987 922 
896 998 909 998 
854 946 867 946 
683 954 696 954 
867 591 868 597 
958 961 960 964 
300 775 300 787 
620 998 632 998 
570 859 583 859 
587 837 600 837 
386 867 388 870 
919 698 924 699 
381 986 394 986 
947 997 953 998 
942 948 945 950 
292 518 304 518 
621 944 627 945 
18 650 23 651 
328 992 334 993 
762 430 762 443 
776 369 777 375 
138 167 138 180 
482 280 483 286 
663 681 663 693 
994 282 994 294 
856 936 862 937 
871 993 872 999 
849 583 849 594 
551 789 557 790 
975 157 975 170 
822 800 822 813 
690 985 696 986 
672 911 672 924 
237 995 249 995 
997 345 997 358 
516 535 528 535 
871 712 872 718 
479 999 491 999 
721 670 722 676 
682 111 693 111 
930 980 931 986 
987 484 987 497 
116 979 129 979 
438 975 444 976 
653 914 653 926 
208 971 209 976 
998 471 998 484 
140 972 140 984 
297 947 309 947 
989 438 990 443 
740 990 753 990 
989 383 991 386 
434 755 447 755 
928 181 939 181 
958 632 959 638 
619 905 622 907 
166 395 166 408 
613 976 626 976 
986 280 986 292 
576 801 576 814 
671 607 677 608 
414 930 414 943 
990 991 991 997 
717 976 723 977 
424 691 427 693 
996 529 997 535 
631 897 636 898 
724 72 724 85 
230 909 233 911 
874 994 880 995 
983 445 986 447 
960 872 965 873 
613 953 614 958 
381 19 383 22 
695 203 696 209 
796 970 798 973 
657 37 658 42 
916 174 917 180 
418 967 423 968 
900 851 912 851 
332 957 343 957 
896 951 909 951 
276 960 277 966 
988 874 988 886 
625 719 626 725 
525 406 526 412 
925 978 931 979 
785 943 788 945 
662 995 665 997 
422 367 428 368 
432 464 438 465 
139 950 145 951 
891 206 891 219 
488 971 488 983 
33 787 45 787 
867 202 879 202 
979 954 979 966 
818 885 824 886 
381 751 387 752 
997 562 997 573 
914 165 914 178 
937 711 938 717 
996 385 997 390 
966 953 966 964 
440 897 451 897 
951 700 963 700 
739 784 744 785 
521 856 521 869 
530 596 531 602 
100 975 101 981 
285 719 298 719 
22 842 23 847 
92 775 98 776 
123 769 123 782 
960 764 966 765 
998 725 998 737 
999 88 999 99 
795 499 808 499 
542 929 548 930 
667 819 667 831 
905 957 917 957 
368 773 381 773 
344 902 355 902 
596 858 598 861 
927 989 929 992 
608 886 614 887 
224 675 236 675 
510 967 516 968 
812 549 812 561 
997 58 998 64 
861 901 862 907 
995 641 996 647 
761 300 763 303 
369 975 372 977 
875 914 886 914 
925 813 937 813 
836 984 849 984 
257 602 257 615 
861 350 864 352 
216 922 217 928 
926 917 927 923 
985 912 987 915 
649 987 661 987 
691 753 696 754 
415 431 415 444 
788 982 789 987 
624 899 630 900 
526 955 539 955 
980 868 981 874 
379 210 382 212 
519 970 519 981 
977 992 988 992 
994 507 995 512 
951 969 954 971 
340 983 345 984 
811 710 812 716 
999 103 999 116 
322 858 335 858 
890 660 891 665 
915 448 921 449 
976 67 989 67 
825 812 837 812 
943 999 954 999 
933 584 933 597 
982 380 982 393 
820 842 821 848 
970 675 982 675 
947 510 947 522 
983 973 984 978 
918 782 920 785 
973 548 974 554 
998 697 998 710 
981 575 982 581 
844 967 850 968 
686 744 686 755 
950 12 950 25 
884 519 890 520 
811 230 823 230 
102 952 108 953 
650 891 656 892 
926 850 932 851 
977 215 979 218 
876 996 887 996 
875 974 876 980 
336 736 347 736 
832 987 838 988 
910 86 911 91 
994 461 995 467 
450 850 462 850 
936 44 942 45 
897 890 898 895 
969 815 970 821 
594 751 595 757 
862 953 867 954 
796 998 808 998 
566 968 566 981 
998 255 998 267 
913 964 914 969 
714 973 727 973 
743 670 743 683 
26 998 31 999 
988 845 988 858 
577 688 589 688 
957 511 957 522 
763 959 775 959 
915 625 915 637 
948 984 954 985 
744 771 756 771 
760 953 760 966 
627 758 629 761 
643 933 656 933 
869 590 875 591 
935 459 935 472 
665 894 665 907 
983 219 988 220 
994 638 999 639 
730 997 736 998 
479 338 480 344 
562 19 563 25 
806 861 806 872 
896 956 896 969 
819 832 821 835 
891 173 891 184 
545 987 546 993 
682 963 694 963 
942 994 953 994 
372 936 373 942 
838 969 850 969 
856 972 856 985 
982 932 984 935 
652 537 658 538 
240 969 240 982 
660 24 663 26 
862 930 874 930 
975 915 981 916 
847 614 859 614 
975 716 976 722 
989 556 989 568 
593 685 599 686 
914 881 915 887 
977 751 988 751 
140 658 140 671 
561 273 573 273 
753 825 766 825 
998 991 999 996 
984 951 985 956 
670 694 673 696 
586 852 587 858 
985 149 985 161 
781 942 782 947 
639 733 642 735 
848 294 861 294 
942 951 945 953 
985 35 986 41 
915 276 928 276 
985 125 991 126 
614 912 615 918 
974 658 974 669 
274 456 275 462 
112 982 117 983 
600 899 612 899 
964 859 964 871 
848 939 853 940 
961 101 967 102 
466 714 472 715 
712 932 717 933 
973 531 986 531 
651 695 651 707 
962 663 962 675 
807 979 812 980 
931 927 943 927 
469 894 469 906 
684 679 687 681 
992 896 992 909 
279 480 292 480 
821 399 823 402 
880 470 880 483 
984 581 989 582 
923 981 923 992 
280 876 281 882 
729 981 730 987 
953 875 954 881 
261 217 262 222 
773 999 785 999 
855 422 868 422 
992 872 993 877 
952 857 963 857 
850 454 862 454 
737 888 750 888 
772 386 772 399 
400 917 405 918 
594 988 595 994 
995 715 998 717 
795 116 806 116 
972 769 973 775 
683 988 696 988 
776 994 778 997 
789 717 789 728 
959 865 959 878 
876 889 877 895 
675 256 676 262 
893 862 906 862 
440 917 441 923 
779 388 792 388 
407 387 408 393 
663 981 674 981 
904 701 910 702 
952 952 953 958 
871 662 872 667 
936 800 949 800 
953 978 954 983 
726 940 727 946 
990 919 990 931 
352 977 358 978 
838 658 838 669 
932 974 933 980 
887 241 890 243 
959 415 961 418 
830 981 836 982 
522 962 534 962 
942 489 942 502 
78 814 90 814 
779 774 781 777 
204 992 217 992 
654 993 667 993 
281 999 292 999 
828 662 834 663 
419 945 420 951 
255 782 255 794 
984 323 984 335 
383 673 383 684 
513 745 516 747 
826 454 826 466 
251 982 253 985 
564 985 565 991 
937 917 948 917 
923 216 934 216 
985 339 986 345 
171 930 177 931 
929 625 929 636 
691 532 694 534 
780 861 786 862 
893 994 904 994 
941 457 941 469 
637 874 649 874 
361 85 364 87 
857 916 868 916 
991 239 991 252 
585 808 585 819 
559 741 565 742 
394 817 396 820 
971 880 976 881 
832 422 833 427 
546 948 547 954 
984 861 984 872 
959 830 970 830 
763 243 764 248 
204 853 204 866 
999 412 999 425 
993 623 993 636 
510 973 516 974 
834 937 834 948 
729 408 731 411 
666 860 667 866 
988 652 989 657 
793 873 793 885 
762 996 775 996 
282 502 294 502 
688 917 689 923 
669 977 681 977 
579 925 579 938 
690 819 696 820 
996 695 996 707 
893 783 905 783 
184 379 196 379 
330 511 336 512 
953 322 955 325 
813 935 826 935 
935 593 941 594 
963 843 964 849 
882 487 895 487 
586 963 589 965 
793 292 806 292 
861 670 861 681 
316 966 322 967 
612 572 612 585 
412 867 418 868 
717 375 717 386 
849 985 855 986 
734 964 740 965 
976 337 976 350 
890 608 902 608 
712 992 713 997 
505 986 517 986 
173 956 173 968 
336 972 336 983 
868 937 871 939 
472 963 484 963 
522 791 524 794 
848 901 853 902 
981 855 983 858 
940 395 952 395 
370 928 370 939 
293 994 296 996 
597 463 597 476 
651 950 664 950 
956 391 957 397 
582 475 593 475 
959 236 959 247 
902 941 914 941 
976 647 981 648 
902 307 902 318 
865 991 866 997 
827 55 828 60 
23 976 35 976 
912 450 913 456 
995 185 996 191 
77 989 88 989 
452 806 463 806 
419 238 422 240 
823 142 825 145 
64 899 69 900 
660 998 666 999 
550 808 555 809 
977 754 978 759 
720 33 720 46 
270 718 270 730 
840 829 840 842 
925 904 927 907 
959 549 962 551 
224 989 236 989 
837 972 839 975 
762 780 768 781 
183 992 188 993 
866 309 871 310 
996 674 999 676 
925 914 925 926 
665 989 676 989 
774 960 774 972 
975 206 988 206 
995 896 995 908 
989 830 990 835 
872 352 873 358 
742 348 747 349 
657 589 669 589 
327 581 338 581 
529 921 541 921 
827 940 827 951 
464 967 466 970 
609 848 609 861 
895 866 901 867 
828 560 828 573 
544 794 557 794 
935 504 940 505 
255 852 256 858 
966 814 967 819 
49 988 50 994 
185 983 188 985 
607 975 609 978 
969 853 970 859 
934 630 935 636 
987 54 987 65 
922 412 928 413 
95 999 108 999 
966 403 966 415 
389 700 389 712 
972 861 978 862 
800 793 806 794 
789 623 790 628 
982 788 983 794 
889 787 890 793 
616 989 618 992 
703 988 704 994 
980 708 993 708 
933 277 946 277 
558 943 558 956 
955 900 955 912 
848 846 848 859 
914 904 920 905 
783 433 788 434 
422 930 423 935 
423 985 434 985 
995 693 995 706 
211 776 211 788 
897 904 897 917 
23 575 34 575 
874 736 879 737 
309 464 322 464 
779 533 784 534 
914 23 914 35 
882 826 882 838 
867 871 873 872 
788 990 791 992 
878 850 879 856 
921 872 922 878 
702 746 704 749 
996 482 997 487 
926 933 931 934 
927 870 932 871 
966 176 966 189 
34 927 46 927 
803 700 803 713 
51 797 64 797 
843 720 843 732 
826 742 831 743 
466 932 478 932 
930 887 930 899 
848 557 848 570 
813 348 813 360 
827 560 827 573 
992 646 992 657 
830 928 830 940 
865 971 878 971 
141 880 141 893 
747 956 748 962 
989 887 990 893 
928 907 940 907 
369 336 369 349 
920 555 925 556 
747 889 747 902 
894 974 894 985 
278 860 281 862 
510 922 510 934 
992 531 994 534 
847 871 848 877 
780 742 780 755 
987 222 998 222 
652 871 653 877 
612 530 612 541 
254 711 260 712 
238 907 251 907 
118 489 124 490 
399 935 400 941 
862 873 863 879 
891 919 904 919 
842 180 843 186 
738 970 739 976 
144 977 157 977 
935 392 948 392 
258 955 259 961 
787 763 798 763 
612 877 613 883 
952 812 952 825 
874 614 875 620 
550 510 563 510 
30 693 31 699 
924 756 925 762 
966 703 966 716 
138 922 138 935 
988 919 989 925 
764 934 776 934 
283 718 296 718 
971 903 977 904 
610 866 611 871 
840 879 852 879 
999 576 999 588 
838 801 851 801 
737 956 743 957 
161 983 172 983 
848 452 859 452 
108 977 109 982 
970 196 970 208 
549 563 551 566 
185 688 185 701 
935 714 935 726 
449 990 460 990 
915 543 921 544 
814 975 819 976 
755 532 758 534 
310 955 323 955 
682 578 685 580 
982 189 985 191 
999 453 999 464 
635 959 636 965 
272 889 272 900 
909 995 912 997 
927 846 930 848 
933 767 935 770 
47 635 48 640 
776 857 782 858 
984 10 990 11 
905 647 906 653 
939 777 940 782 
992 756 995 758 
989 850 990 856 
578 518 584 519 
976 653 976 666 
311 999 322 999 
685 595 698 595 
853 771 854 777 
929 736 935 737 
698 793 699 798 
341 759 342 765 
950 358 961 358 
515 944 521 945 
600 920 600 931 
807 623 810 625 
157 974 168 974 
628 533 641 533 
918 758 918 770 
606 823 606 835 
131 918 132 924 
875 952 878 954 
999 143 999 155 
978 777 981 779 
619 796 620 802 
990 734 996 735 
774 227 774 240 
897 949 903 950 
947 956 948 962 
157 935 163 936 
390 180 396 181 
993 454 994 460 
935 866 937 869 
389 519 395 520 
841 162 842 168 
217 915 220 917 
440 959 446 960 
874 564 874 577 
628 988 641 988 
996 369 996 381 
757 596 758 601 
592 793 593 799 
951 835 951 846 
981 17 982 23 
998 182 999 188 
506 269 508 272 
943 621 943 634 
478 261 480 264 
891 952 897 953 
850 264 850 276 
740 991 746 992 
9 782 11 785 
750 949 750 960 
911 539 922 539 
87 990 99 990 
22 959 35 959 
954 596 967 596 
993 853 994 859 
462 988 474 988 
27 981 38 981 
987 611 988 617 
822 974 822 986 
775 520 778 522 
960 652 966 653 
986 433 987 439 
197 928 198 934 
796 906 797 912 
896 832 896 843 
979 598 985 599 
781 201 786 202 
757 722 757 735 
430 934 432 937 
531 927 537 928 
371 220 384 220 
956 838 957 844 
346 951 358 951 
993 333 994 338 
666 809 668 812 
994 174 994 187 
830 808 842 808 
625 751 626 757 
873 949 879 950 
960 744 973 744 
779 943 780 949 
990 248 990 259 
395 964 401 965 
826 179 826 192 
835 993 841 994 
859 783 859 796 
868 846 873 847 
728 582 741 582 
922 712 922 724 
947 980 949 983 
775 767 778 769 
400 888 400 899 
543 945 543 956 
111 564 114 566 
592 949 604 949 
963 754 969 755 
987 633 987 645 
569 827 569 838 
504 267 510 268 
934 789 940 790 
152 331 165 331 
162 831 174 831 
831 298 837 299 
885 956 891 957 
945 990 951 991 
501 802 506 803 
871 320 883 320 
685 964 686 970 
327 930 327 943 
996 887 996 900 
950 763 950 776 
193 830 199 831 
279 998 291 998 
933 195 945 195 
958 395 969 395 
754 981 765 981 
602 915 608 916 
348 978 348 989 
216 657 222 658 
262 466 263 472 
997 14 997 27 
560 890 573 890 
430 845 433 847 
458 958 458 969 
304 983 310 984 
943 482 944 488 
744 579 757 579 
899 965 902 967 
839 943 851 943 
791 957 792 963 
952 537 963 537 
288 447 289 453 
264 600 265 606 
988 295 993 296 
915 891 921 892 
930 698 931 704 
463 960 469 961 
694 234 700 235 
319 325 325 326 
997 868 998 874 
755 417 755 430 
773 389 773 401 
283 988 296 988 
928 505 929 510 
222 418 223 423 
804 931 805 937 
390 965 391 971 
858 977 869 977 
725 719 725 732 
934 677 946 677 
900 724 903 726 
991 566 992 571 
599 602 604 603 
719 763 724 764 
782 959 782 972 
815 66 815 77 
510 977 516 978 
988 454 989 460 
986 695 986 706 
108 972 119 972 
21 983 34 983 
251 144 264 144 
985 783 987 786 
980 428 980 440 
2 868 15 868 
39 190 52 190 
480 956 482 959 
637 283 637 295 
727 281 733 282 
996 807 997 813 
572 959 574 962 
904 781 915 781 
917 652 928 652 
259 884 260 889 
934 839 945 839 
508 997 521 997 
604 691 604 702 
983 408 996 408 
745 924 750 925 
174 990 175 996 
411 891 414 893 
86 795 86 807 
339 911 351 911 
690 724 690 736 
522 998 535 998 
993 81 993 92 
365 990 366 996 
754 831 765 831 
476 931 488 931 
594 876 594 888 
971 596 972 602 
974 319 974 331 
681 562 686 563 
942 940 943 945 
989 586 995 587 
698 312 698 325 
463 89 464 95 
88 944 101 944 
972 826 972 839 
991 170 992 176 
887 765 887 778 
647 919 649 922 
795 993 808 993 
571 274 577 275 
427 989 438 989 
894 605 900 606 
977 785 977 797 
765 255 765 268 
918 851 918 863 
660 803 666 804 
976 570 976 583 
987 771 988 776 
710 207 723 207 
108 555 114 556 
756 686 759 688 
765 953 778 953 
473 839 486 839 
592 730 592 742 
404 999 417 999 
835 964 848 964 
642 757 642 770 
737 594 748 594 
969 526 972 528 
77 993 82 994 
110 420 110 432 
998 23 998 36 
87 981 88 987 
534 127 537 129 
909 975 915 976 
84 870 97 870 
730 786 736 787 
895 583 900 584 
628 945 629 951 
621 886 634 886 
887 330 888 336 
20 455 26 456 
873 810 874 816 
988 513 989 518 
373 976 374 982 
973 12 979 13 
990 202 991 207 
998 191 998 203 
482 923 483 929 
253 979 265 979 
865 96 871 97 
814 860 814 872 
742 748 748 749 
936 132 948 132 
464 454 464 467 
37 957 38 963 
432 626 444 626 
76 949 88 949 
986 809 988 812 
103 883 116 883 
746 593 759 593 
837 942 848 942 
976 165 976 178 
576 570 576 583 
930 908 930 921 
291 989 297 990 
578 945 578 958 
635 452 636 458 
860 642 873 642 
713 963 725 963 
909 286 909 299 
794 972 795 978 
653 960 653 971 
983 930 988 931 
826 974 827 979 
769 836 781 836 
747 853 760 853 
589 799 590 805 
949 882 950 887 
288 930 301 930 
900 754 911 754 
968 712 973 713 
847 104 852 105 
782 462 782 475 
890 753 890 766 
429 910 442 910 
528 967 541 967 
616 931 621 932 
985 841 985 853 
999 70 999 81 
560 781 572 781 
923 33 936 33 
822 720 823 726 
488 933 490 936 
478 748 484 749 
189 831 189 842 
975 500 981 501 
800 812 800 825 
60 978 61 984 
997 928 999 931 
999 130 999 142 
934 890 935 895 
128 867 134 868 
799 991 805 992 
101 41 101 54 
874 999 887 999 
969 266 972 268 
51 923 52 929 
745 985 756 985 
775 231 781 232 
940 104 953 104 
991 70 991 83 
922 527 923 533 
840 763 841 769 
550 937 561 937 
732 984 737 985 
745 109 757 109 
997 395 997 408 
329 901 335 902 
843 98 856 98 
152 836 153 842 
972 244 985 244 
487 918 493 919 
781 998 792 998 
291 941 297 942 
751 415 751 428 
241 736 241 747 
784 762 785 768 
902 281 907 282 
750 409 763 409 
589 647 594 648 
722 236 723 242 
317 866 329 866 
606 981 612 982 
973 635 986 635 
485 889 485 902 
967 793 972 794 
928 924 934 925 
994 201 994 214 
961 20 961 32 
476 867 479 869 
774 875 787 875 
936 660 948 660 
643 947 654 947 
797 363 798 369 
818 370 830 370 
803 872 804 878 
920 535 922 538 
810 765 812 768 
925 112 938 112 
518 939 530 939 
888 47 894 48 
987 310 988 316 
994 38 997 40 
7 250 13 251 
916 164 929 164 
973 602 973 614 
915 267 917 270 
15 977 20 978 
524 730 537 730 
695 968 701 969 
881 330 881 342 
886 536 891 537 
364 909 375 909 
720 887 725 888 
439 968 450 968 
761 776 767 777 
970 658 971 663 
778 956 791 956 
839 66 841 69 
214 124 216 127 
908 910 921 910 
971 789 973 792 
956 794 956 807 
611 983 623 983 
911 377 912 383 
957 188 962 189 
801 863 802 869 
787 940 800 940 
894 659 894 672 
179 768 192 768 
997 536 999 539 
962 984 965 986 
978 837 979 843 
834 978 847 978 
836 828 839 830 
812 889 812 901 
907 821 907 833 
951 303 964 303 
917 994 919 997 
276 946 279 948 
21 995 34 995 
875 912 881 913 
529 186 530 192 
872 92 883 92 
992 445 995 447 
880 678 881 683 
969 446 981 446 
507 947 507 959 
974 23 974 34 
37 951 49 951 
272 985 277 986 
857 840 858 846 
923 386 923 397 
566 881 572 882 
990 677 992 680 
933 914 944 914 
225 753 231 754 
761 488 761 501 
463 179 469 180 
302 972 314 972 
193 997 205 997 
871 519 871 530 
92 968 93 973 
945 285 945 296 
681 816 683 819 
76 984 82 985 
598 965 599 971 
809 961 809 973 
587 664 588 669 
639 724 644 725 
718 443 718 456 
816 46 828 46 
522 807 525 809 
429 879 429 892 
765 636 768 638 
950 854 951 860 
689 145 694 146 
945 713 946 719 
991 163 992 168 
696 770 696 783 
831 761 831 772 
695 869 695 881 
783 866 789 867 
428 941 430 944 
938 961 944 962 
859 951 865 952 
704 936 710 937 
743 975 748 976 
628 469 628 481 
737 979 748 979 
312 883 324 883 
914 934 920 935 
954 889 955 895 
970 838 970 850 
977 837 977 848 
50 995 63 995 
931 503 931 516 
997 363 998 369 
420 922 420 935 
481 994 492 994 
999 314 999 327 
684 844 695 844 
805 945 806 951 
384 710 385 716 
425 346 426 351 
499 550 499 562 
807 18 820 18 
627 994 633 995 
852 873 858 874 
817 687 817 700 
485 828 486 833 
942 53 943 59 
307 460 307 472 
727 355 733 356 
957 422 958 428 
933 497 933 508 
262 50 267 51 
924 267 930 268 
959 954 960 959 
956 662 957 668 
196 971 197 976 
349 929 362 929 
232 859 233 865 
996 547 998 550 
937 229 940 231 
476 420 477 426 
141 745 146 746 
84 992 97 992 
848 646 854 647 
775 890 776 896 
696 659 702 660 
909 783 915 784 
821 850 834 850 
124 988 130 989 
958 906 969 906 
996 117 996 129 
642 897 642 910 
953 107 956 109 
906 66 919 66 
981 693 982 699 
465 646 466 652 
99 996 105 997 
701 727 702 733 
865 988 877 988 
724 969 730 970 
383 995 396 995 
571 755 572 760 
839 827 850 827 
977 863 983 864 
683 997 686 999 
589 985 594 986 
589 956 594 957 
562 810 568 811 
988 544 989 550 
965 79 967 82 
898 953 899 959 
809 655 809 667 
771 958 783 958 
900 44 913 44 
283 777 283 789 
559 906 571 906 
964 524 966 527 
962 563 963 569 
976 551 977 557 
738 150 739 156 
503 972 503 984 
916 848 917 854 
999 514 999 527 
983 820 989 821 
977 929 978 935 
45 715 58 715 
748 906 761 906 
774 975 780 976 
830 145 831 150 
842 534 842 546 
523 990 528 991 
823 556 824 562 
829 810 841 810 
618 820 618 832 
571 288 572 294 
463 995 475 995 
723 696 723 709 
365 822 368 824 
228 277 239 277 
291 954 292 960 
668 991 669 997 
970 491 971 496 
471 917 484 917 
932 901 935 903 
720 651 721 657 
999 191 999 202 
783 256 794 256 
802 620 802 631 
955 784 968 784 
990 522 992 525 
986 885 986 897 
657 943 663 944 
398 995 401 997 
835 386 847 386 
836 789 842 790 
947 484 948 490 
460 999 472 999 
893 594 905 594 
925 962 936 962 
785 616 785 627 
160 978 172 978 
978 847 984 848 
992 98 997 99 
529 394 531 397 
658 977 664 978 
942 757 954 757 
953 691 954 697 
825 815 838 815 
952 526 954 529 
111 715 124 715 
642 512 643 518 
981 663 987 664 
439 884 451 884 
925 711 925 723 
944 577 945 582 
173 121 175 124 
518 957 521 959 
965 627 967 630 
816 885 816 896 
386 758 388 761 
330 686 331 692 
8 917 8 929 
787 790 800 790 
963 421 976 421 
15 997 28 997 
676 944 689 944 
989 642 990 647 
965 835 965 848 
914 826 914 839 
973 81 973 93 
838 700 838 712 
25 131 37 131 
910 984 913 986 
619 865 625 866 
70 998 83 998 
3 113 3 124 
136 983 139 985 
967 374 979 374 
893 756 904 756 
972 900 977 901 
388 500 389 506 
974 499 974 510 
5 427 5 439 
860 788 866 789 
535 894 537 897 
258 552 271 552 
307 842 307 854 
256 679 257 685 
969 953 970 959 
825 685 831 686 
222 802 235 802 
923 109 926 111 
889 303 891 306 
814 415 827 415 
415 998 428 998 
253 715 256 717 
654 627 660 628 
989 199 989 212 
110 993 122 993 
994 375 995 380 
932 312 933 318 
830 797 831 803 
667 852 672 853 
987 572 993 573 
608 317 609 322 
938 888 938 900 
19 872 20 878 
968 912 974 913 
909 108 921 108 
907 948 913 949 
615 411 615 424 
934 431 945 431 
668 394 669 400 
732 395 745 395 
118 545 118 557 
114 35 126 35 
643 996 645 999 
736 936 736 949 
749 757 754 758 
636 568 637 574 
937 796 940 798 
599 972 600 978 
319 947 320 953 
489 995 492 997 
681 681 681 692 
982 431 982 442 
881 994 887 995 
385 421 390 422 
956 367 956 378 
125 980 126 986 
964 34 970 35 
111 614 114 616 
17 204 23 205 
527 982 540 982 
540 119 540 131 
577 872 578 878 
583 870 583 883 
745 797 745 808 
597 905 598 911 
735 714 748 714 
956 852 962 853 
632 914 633 919 
728 866 740 866 
290 210 302 210 
693 783 693 796 
971 539 972 544 
115 926 115 937 
990 743 996 744 
893 284 893 296 
248 944 253 945 
757 827 763 828 
722 590 727 591 
770 370 771 376 
621 505 623 508 
364 974 365 980 
931 49 942 49 
927 732 940 732 
413 264 413 277 
708 956 720 956 
351 461 356 462 
516 794 518 797 
963 858 963 871 
120 638 120 650 
421 729 434 729 
857 760 870 760 
130 658 130 670 
868 968 873 969 
276 992 282 993 
906 363 906 375 
801 927 813 927 
267 917 268 922 
856 816 856 829 
836 794 839 796 
293 79 299 80 
922 901 928 902 
713 686 713 699 
854 56 859 57 
187 994 193 995 
900 970 901 976 
295 951 298 953 
547 117 559 117 
473 799 473 811 
349 474 362 474 
47 593 48 599 
849 992 862 992 
542 548 544 551 
829 719 830 725 
240 235 251 235 
975 431 976 437 
847 426 848 432 
286 658 287 663 
671 994 674 996 
226 979 227 984 
920 964 933 964 
906 808 907 814 
893 897 893 908 
998 117 998 129 
251 589 251 602 
647 984 653 985 
651 990 652 995 
677 885 690 885 
783 870 788 871 
521 216 527 217 
381 957 387 958 
251 470 252 475 
919 378 932 378 
969 804 975 805 
992 125 995 127 
628 5 633 6 
393 975 406 975 
373 780 373 793 
762 806 762 817 
280 655 283 657 
915 827 915 838 
985 392 991 393 
941 130 946 131 
138 630 139 635 
333 565 336 567 
652 162 652 173 
459 991 465 992 
600 430 605 431 
909 368 915 369 
213 470 219 471 
993 589 999 590 
784 357 786 360 
580 835 591 835 
739 917 740 923 
966 315 966 328 
993 429 993 441 
5 997 11 998 
982 873 984 876 
253 726 253 738 
741 823 742 829 
216 829 227 829 
784 968 787 970 
875 899 881 900 
490 706 490 718 
56 833 69 833 
934 982 934 995 
552 990 554 993 
170 724 175 725 
648 996 661 996 
557 831 557 844 
883 752 889 753 
559 660 572 660 
943 899 944 905 
848 864 860 864 
336 999 349 999 
880 852 893 852 
585 995 597 995 
845 982 850 983 
877 593 878 599 
289 964 289 976 
987 935 992 936 
240 776 242 779 
719 684 721 687 
682 747 682 758 
95 847 98 849 
242 479 255 479 
952 761 964 761 
123 939 129 940 
965 384 968 386 
662 853 665 855 
58 732 59 737 
875 969 881 970 
626 832 639 832 
974 828 979 829 
859 174 865 175 
299 859 312 859 
794 740 800 741 
975 750 975 762 
523 994 536 994 
878 388 889 388 
741 89 754 89 
898 806 899 812 
696 69 708 69 
884 296 884 309 
996 199 997 205 
935 294 935 307 
754 846 767 846 
268 706 269 712 
951 790 951 802 
983 946 985 949 
811 916 824 916 
855 256 866 256 
988 227 989 232 
629 175 632 177 
963 935 963 947 
273 772 279 773 
578 711 580 714 
745 994 751 995 
872 802 872 815 
805 914 806 919 
881 640 886 641 
926 775 927 781 
234 206 247 206 
617 880 618 886 
632 608 632 621 
827 503 828 508 
961 927 967 928 
774 939 780 940 
613 780 618 781 
964 511 977 511 
944 931 944 944 
206 539 206 551 
235 739 235 751 
798 947 799 952 
178 963 184 964 
990 451 993 453 
774 955 787 955 
994 103 997 105 
533 60 544 60 
905 630 905 641 
582 948 594 948 
938 928 943 929 
941 422 942 428 
394 216 405 216 
849 256 851 259 
511 675 511 687 
935 174 941 175 
351 231 364 231 
899 454 899 465 
699 995 704 996 
62 985 65 987 
540 350 541 356 
622 974 633 974 
647 952 659 952 
904 953 915 953 
657 912 669 912 
24 72 24 85 
793 496 799 497 
962 810 974 810 
78 958 90 958 
885 743 886 749 
615 34 616 40 
962 753 973 753 
691 717 691 729 
511 987 524 987 
828 820 829 826 
459 543 472 543 
296 982 302 983 
615 953 615 966 
351 943 362 943 
846 935 851 936 
866 539 877 539 
855 870 860 871 
490 970 493 972 
375 952 381 953 
325 703 325 716 
485 955 486 961 
360 43 360 54 
979 585 985 586 
915 984 916 990 
808 937 808 949 
863 724 863 736 
567 965 573 966 
951 826 957 827 
542 982 554 982 
945 73 958 73 
906 533 917 533 
505 82 511 83 
294 894 295 899 
860 378 860 391 
764 940 770 941 
929 646 941 646 
980 141 992 141 
536 132 539 134 
992 371 992 383 
878 983 890 983 
895 430 896 435 
274 331 275 337 
960 46 963 48 
661 801 667 802 
579 601 582 603 
866 556 866 568 
956 1 956 14 
754 978 759 979 
966 192 979 192 
997 278 998 284 
449 321 450 327 
933 235 946 235 
589 411 589 424 
874 189 876 192 
893 242 898 243 
981 417 982 422 
862 978 862 989 
632 593 638 594 
290 134 292 137 
407 958 407 971 
845 944 846 950 
214 907 215 912 
97 901 100 903 
114 110 115 116 
967 496 967 509 
984 762 997 762 
408 259 408 271 
969 493 969 506 
990 971 995 972 
767 985 773 986 
852 410 852 421 
897 811 897 824 
685 758 698 758 
865 966 878 966 
660 984 666 985 
192 860 193 866 
817 721 818 727 
382 974 387 975 
786 558 786 571 
933 402 933 415 
473 977 478 978 
728 989 741 989 
167 947 172 948 
714 823 717 825 
940 983 945 984 
419 749 420 754 
628 955 629 961 
745 862 745 875 
31 978 43 978 
865 324 877 324 
925 785 925 798 
316 820 328 820 
603 341 616 341 
810 340 811 345 
947 227 948 233 
869 781 869 794 
493 983 494 989 
964 9 965 15 
848 988 861 988 
946 880 952 881 
799 984 800 990 
639 910 639 922 
217 767 223 768 
797 977 810 977 
889 828 890 834 
967 612 969 615 
752 947 758 948 
823 444 835 444 
195 866 198 868 
725 158 737 158 
510 718 510 731 
625 873 627 876 
990 594 996 595 
669 833 670 839 
955 919 956 925 
820 820 821 826 
86 862 92 863 
928 678 941 678 
224 997 237 997 
871 545 872 551 
691 945 697 946 
594 243 600 244 
942 803 948 804 
505 969 511 970 
23 773 23 786 
706 810 712 811 
715 591 721 592 
980 688 980 701 
279 995 292 995 
863 670 863 683 
494 602 495 607 
720 988 721 994 
432 867 432 879 
839 277 840 283 
471 983 477 984 
109 818 109 831 
992 711 998 712 
928 229 931 231 
956 845 958 848 
625 838 636 838 
499 706 499 718 
966 140 966 153 
172 819 183 819 
501 982 502 987 
973 844 973 856 
915 332 915 345 
785 995 797 995 
884 276 885 281 
487 944 500 944 
988 932 999 932 
989 901 991 904 
92 362 92 375 
925 981 928 983 
161 990 162 996 
33 904 45 904 
251 997 257 998 
101 982 102 988 
906 871 909 873 
201 983 207 984 
792 671 794 674 
540 323 540 335 
979 459 985 460 
494 233 494 245 
827 595 828 601 
900 364 900 377 
553 672 553 684 
745 585 751 586 
783 830 795 830 
943 462 944 467 
526 941 526 953 
539 853 539 865 
874 801 887 801 
972 302 972 313 
925 730 926 735 
928 430 939 430 
271 501 284 501 
530 963 536 964 
956 898 957 903 
976 954 976 967 
982 824 984 827 
942 407 955 407 
872 962 875 964 
999 488 999 501 
441 737 447 738 
404 647 410 648 
920 676 920 689 
972 950 973 956 
433 697 439 698 
919 492 925 493 
962 611 963 617 
790 436 790 448 
327 985 333 986 
995 568 996 574 
782 982 783 987 
670 876 672 879 
643 965 644 970 
921 474 934 474 
244 354 246 357 
748 741 761 741 
886 917 887 923 
700 904 706 905 
231 930 231 942 
915 913 921 914 
763 575 764 581 
566 105 572 106 
855 500 856 506 
998 233 998 244 
748 801 748 813 
466 797 466 810 
993 652 995 655 
857 985 860 987 
750 991 753 993 
101 728 106 729 
861 924 864 926 
240 825 240 837 
13 998 24 998 
808 56 809 62 
675 970 678 972 
7 965 7 976 
977 418 977 429 
