2614 
199 203 199 212 
186 246 189 248 
186 232 187 235 
182 237 183 241 
144 228 145 232 
146 232 155 232 
180 77 180 88 
95 249 104 249 
172 240 176 241 
196 245 197 249 
72 220 83 220 
184 212 184 220 
175 216 176 220 
192 96 192 107 
90 234 91 239 
178 183 178 193 
173 212 175 214 
171 249 179 249 
179 166 189 166 
196 213 196 224 
98 229 100 232 
180 242 183 244 
154 248 158 249 
195 160 195 170 
133 105 134 110 
195 179 195 187 
192 171 196 172 
60 239 60 249 
197 221 199 224 
159 209 161 211 
65 214 76 214 
156 138 166 138 
194 173 194 184 
116 203 116 212 
105 245 114 245 
109 238 110 242 
190 244 191 248 
179 106 189 106 
190 209 193 211 
195 217 195 228 
197 122 197 131 
32 236 34 239 
199 122 199 131 
99 242 100 246 
194 236 195 241 
148 202 158 202 
162 219 172 219 
148 187 157 187 
147 144 149 147 
185 202 196 202 
197 109 199 112 
197 170 198 175 
184 222 184 233 
117 225 117 233 
193 235 193 244 
169 181 169 190 
123 204 134 204 
22 210 27 211 
148 178 156 178 
196 240 198 242 
142 238 142 249 
185 236 185 246 
79 118 87 118 
157 239 158 243 
142 139 142 148 
199 137 199 146 
189 228 190 231 
151 172 153 174 
6 218 8 221 
176 172 176 183 
198 193 198 203 
187 249 194 249 
67 117 68 121 
68 235 71 237 
20 112 24 113 
127 95 138 95 
178 45 181 47 
164 78 166 80 
179 227 179 238 
110 234 113 235 
111 249 120 249 
57 194 61 195 
199 226 199 236 
95 232 95 241 
195 231 197 233 
187 190 189 193 
50 249 59 249 
16 246 18 249 
153 204 153 213 
182 153 184 156 
48 188 49 191 
192 141 194 144 
21 243 32 243 
194 222 194 233 
109 248 117 248 
184 164 188 165 
126 125 128 127 
60 223 60 234 
187 184 188 189 
196 109 196 117 
119 230 129 230 
97 73 97 82 
79 240 80 245 
195 104 198 106 
176 193 176 204 
40 248 44 249 
194 73 195 76 
35 234 36 238 
47 7 50 9 
170 129 171 133 
108 26 111 28 
186 212 189 213 
194 109 194 116 
97 17 101 18 
170 235 177 235 
60 170 60 180 
191 221 192 225 
103 213 106 215 
146 237 149 239 
182 197 185 199 
192 229 193 234 
145 248 152 248 
177 217 177 224 
132 248 135 249 
184 234 184 243 
118 247 123 248 
23 75 23 86 
131 62 142 62 
160 247 168 247 
132 219 132 229 
99 189 104 190 
139 226 139 236 
196 133 199 135 
190 212 191 216 
169 154 170 158 
168 223 172 224 
154 221 155 226 
17 236 17 243 
181 144 183 147 
105 232 106 237 
126 214 128 217 
148 246 156 246 
147 223 149 225 
7 244 15 244 
191 98 191 108 
133 212 133 222 
78 169 80 171 
80 226 85 227 
73 235 73 245 
56 52 57 57 
170 52 175 53 
182 207 183 212 
109 174 116 174 
184 102 187 104 
193 60 194 63 
189 88 192 90 
97 203 98 208 
87 134 90 136 
199 87 199 96 
174 243 177 245 
88 225 89 229 
134 218 142 218 
191 194 193 197 
109 69 109 78 
192 7 192 18 
124 102 135 102 
157 111 162 112 
132 240 135 242 
196 68 199 70 
190 188 190 197 
172 248 180 248 
159 226 169 226 
178 99 188 99 
136 131 141 132 
181 247 185 248 
166 242 169 244 
9 143 12 145 
173 182 174 187 
165 233 165 244 
123 213 132 213 
42 244 47 245 
88 184 88 195 
194 194 197 196 
176 54 180 55 
31 249 39 249 
102 108 104 111 
111 194 116 195 
56 169 59 171 
120 231 121 235 
71 247 76 248 
49 212 51 215 
74 229 77 231 
63 249 74 249 
29 195 30 200 
24 115 24 125 
115 119 122 119 
185 168 186 173 
194 243 195 247 
116 224 126 224 
42 192 43 196 
106 74 106 85 
153 233 154 238 
12 230 14 232 
165 220 167 223 
170 210 171 215 
160 248 170 248 
192 129 193 133 
168 143 171 144 
186 158 195 158 
14 209 19 210 
101 193 110 193 
164 206 164 215 
178 241 179 245 
197 181 197 192 
197 159 198 164 
168 197 170 200 
14 133 15 138 
48 241 58 241 
122 244 126 245 
183 203 184 206 
77 176 80 178 
129 236 138 236 
193 165 194 169 
61 227 63 230 
85 247 88 249 
179 135 190 135 
179 181 180 186 
117 180 120 182 
123 183 133 183 
179 17 180 21 
174 95 179 96 
197 225 198 229 
184 190 185 194 
189 117 189 124 
186 140 187 144 
178 222 179 226 
195 142 196 147 
181 129 186 130 
64 242 71 242 
165 94 175 94 
137 198 137 207 
186 145 186 154 
176 246 180 247 
174 229 177 231 
156 235 156 244 
170 176 175 177 
40 69 47 69 
95 221 96 226 
17 245 25 245 
154 58 157 60 
93 248 103 248 
13 179 14 184 
148 169 153 170 
189 26 189 37 
199 6 199 13 
95 61 95 72 
136 240 137 245 
77 138 86 138 
186 217 193 217 
180 110 189 110 
127 244 128 249 
142 65 149 65 
165 107 165 116 
121 160 132 160 
149 184 156 184 
196 59 197 64 
185 57 187 60 
191 126 191 136 
29 234 29 241 
121 61 121 71 
185 146 185 155 
181 178 182 182 
148 133 156 133 
50 232 50 240 
1 152 6 153 
84 105 85 110 
173 1 176 3 
157 229 160 231 
135 246 140 247 
93 17 93 25 
121 171 129 171 
86 244 96 244 
70 226 73 228 
164 179 164 186 
0 188 11 188 
184 182 188 183 
181 177 192 177 
164 192 164 203 
132 55 134 58 
127 209 136 209 
124 234 124 242 
165 118 165 128 
171 42 182 42 
87 246 98 246 
7 90 7 98 
188 69 192 70 
186 240 188 243 
150 239 152 242 
163 129 166 131 
189 218 190 222 
170 82 174 83 
187 195 188 198 
140 166 143 167 
106 216 106 225 
145 141 145 150 
116 19 119 21 
194 205 195 210 
160 237 162 240 
185 71 193 71 
187 73 188 78 
197 5 197 13 
39 198 46 198 
180 112 180 121 
59 111 59 121 
78 103 88 103 
171 197 172 201 
62 163 63 168 
91 202 91 212 
156 40 156 50 
159 203 160 208 
167 179 167 187 
91 220 91 229 
69 90 70 93 
195 57 195 64 
61 179 70 179 
101 209 104 211 
163 91 163 98 
192 152 196 153 
43 228 45 231 
199 171 199 180 
181 32 185 33 
136 152 136 162 
169 204 169 213 
198 137 198 147 
177 145 178 150 
67 44 68 49 
136 191 146 191 
147 96 147 107 
194 66 198 67 
163 108 164 113 
193 42 193 50 
136 178 139 180 
178 131 185 131 
152 216 157 217 
178 67 181 69 
175 148 176 153 
169 73 179 73 
18 229 23 230 
158 79 161 80 
40 225 44 226 
20 227 28 227 
189 169 190 172 
191 228 191 238 
135 184 136 188 
173 163 177 164 
55 201 64 201 
156 181 160 182 
5 241 16 241 
156 192 159 194 
105 190 107 192 
5 245 16 245 
106 53 106 64 
3 242 13 242 
79 197 84 198 
166 192 166 203 
65 194 69 195 
43 56 46 58 
82 217 92 217 
145 173 146 177 
152 230 155 231 
137 29 148 29 
188 205 190 208 
39 133 47 133 
48 246 52 247 
128 177 130 179 
15 228 15 239 
195 77 197 80 
111 246 119 246 
171 122 173 125 
171 207 173 209 
159 212 159 222 
85 236 86 241 
147 49 148 54 
188 95 198 95 
4 167 9 168 
185 75 185 86 
191 140 191 151 
139 157 144 158 
169 227 178 227 
48 48 48 57 
140 146 141 150 
95 172 96 176 
195 197 196 201 
55 164 60 165 
78 64 79 69 
68 221 69 225 
150 104 155 105 
196 17 196 28 
72 40 81 40 
198 216 199 220 
90 247 98 247 
195 111 195 119 
56 245 57 248 
143 227 153 227 
167 203 167 214 
155 238 155 245 
166 106 168 109 
152 132 160 132 
182 107 185 109 
125 237 134 237 
109 214 120 214 
44 221 53 221 
127 234 137 234 
49 161 49 168 
73 8 74 13 
94 193 97 195 
54 161 64 161 
48 207 53 208 
193 1 194 6 
90 180 92 182 
100 236 103 238 
92 131 96 132 
180 189 181 194 
193 27 193 37 
165 169 170 170 
187 53 190 55 
120 50 120 60 
160 183 162 186 
193 138 196 140 
199 31 199 41 
198 155 199 158 
177 209 178 213 
94 106 96 108 
181 231 182 236 
149 74 149 83 
26 235 27 240 
37 58 37 69 
93 198 93 206 
110 243 119 243 
187 154 190 155 
128 104 139 104 
141 134 149 134 
188 234 189 239 
177 135 177 143 
112 239 115 241 
151 221 153 224 
27 248 38 248 
67 212 70 213 
161 246 170 246 
84 235 84 242 
188 137 188 146 
168 231 168 239 
198 204 198 215 
129 216 129 225 
101 195 103 197 
139 208 140 211 
7 207 16 207 
39 110 39 120 
13 68 17 69 
23 71 33 71 
187 219 187 228 
145 242 146 246 
148 240 149 244 
161 173 161 181 
191 159 191 169 
91 170 101 170 
120 132 120 143 
60 160 70 160 
129 243 130 248 
36 13 44 13 
0 171 0 181 
80 188 81 193 
107 119 109 122 
166 35 177 35 
12 200 13 205 
68 33 72 34 
182 63 186 64 
110 118 119 118 
185 19 190 20 
163 24 166 26 
176 71 180 72 
21 212 28 212 
11 223 16 224 
65 243 72 243 
199 191 199 198 
49 217 52 219 
96 238 97 242 
29 180 32 182 
192 160 192 170 
198 4 198 14 
63 172 66 173 
139 142 139 153 
132 188 133 193 
185 156 193 156 
107 215 112 216 
187 159 190 160 
113 97 118 98 
7 212 12 213 
178 116 178 125 
159 242 164 243 
62 247 66 248 
24 179 34 179 
180 225 182 228 
175 64 175 71 
60 109 63 111 
169 108 179 108 
158 213 158 220 
161 231 165 232 
121 49 131 49 
199 50 199 61 
75 236 82 236 
158 166 163 167 
122 131 131 131 
106 196 106 206 
180 229 180 237 
152 73 153 77 
16 190 17 193 
105 44 110 45 
120 94 121 99 
110 220 111 224 
66 132 67 137 
179 216 180 221 
87 71 91 72 
158 168 161 169 
149 203 158 203 
141 192 148 192 
37 134 37 145 
170 192 173 194 
171 13 171 24 
157 133 167 133 
162 160 165 161 
112 156 117 157 
197 45 197 52 
163 184 163 193 
135 112 146 112 
49 244 54 245 
0 229 2 231 
1 246 3 249 
94 220 94 229 
84 3 87 4 
60 65 71 65 
148 8 148 18 
17 185 19 188 
93 103 93 114 
5 198 16 198 
160 249 167 249 
62 149 70 149 
166 87 174 87 
65 120 65 131 
26 60 31 61 
144 66 149 67 
76 88 77 92 
89 166 100 166 
96 1 96 11 
51 228 51 238 
124 167 133 167 
60 155 69 155 
43 210 47 211 
29 245 34 246 
161 217 166 218 
125 107 129 108 
4 208 5 213 
194 71 198 72 
55 147 65 147 
180 97 183 98 
122 153 123 158 
39 77 41 80 
179 168 179 177 
63 208 70 208 
117 11 128 11 
158 75 169 75 
10 30 10 40 
170 113 170 122 
103 172 105 174 
74 134 74 144 
100 168 108 168 
158 196 163 197 
192 47 192 56 
37 233 48 233 
110 162 110 169 
27 32 31 33 
133 226 137 227 
40 84 40 95 
110 196 110 205 
67 218 76 218 
166 227 167 231 
195 44 195 52 
91 78 91 87 
35 225 35 233 
39 242 48 242 
150 166 155 167 
32 224 42 224 
197 20 197 30 
189 185 192 187 
190 23 192 25 
101 20 104 21 
186 85 196 85 
156 119 158 122 
92 242 95 243 
49 132 49 139 
129 238 139 238 
48 150 48 158 
155 7 155 16 
116 142 119 143 
144 1 154 1 
198 230 198 239 
8 97 17 97 
154 193 155 196 
177 60 177 70 
107 200 109 203 
23 66 27 67 
118 236 119 241 
157 83 158 88 
24 187 32 187 
38 72 40 74 
138 174 140 176 
77 214 87 214 
136 222 146 222 
185 213 185 220 
166 162 167 165 
108 185 110 187 
188 7 188 17 
175 55 175 63 
33 220 37 221 
121 182 132 182 
129 193 130 198 
191 46 191 55 
149 157 158 157 
63 231 64 236 
170 206 179 206 
143 196 144 201 
138 67 141 68 
88 176 91 177 
163 83 165 86 
158 10 166 10 
111 131 112 136 
183 2 185 5 
180 122 181 127 
61 211 61 221 
5 247 13 247 
98 34 108 34 
76 157 80 158 
72 136 73 141 
172 173 174 175 
160 89 171 89 
102 161 105 163 
116 66 117 71 
53 214 54 217 
139 76 141 79 
95 212 97 215 
164 151 166 153 
15 105 18 107 
41 144 52 144 
138 157 138 168 
90 154 90 164 
197 139 197 146 
159 233 161 236 
174 167 185 167 
154 88 155 92 
101 247 110 247 
4 231 11 231 
189 61 192 62 
190 240 192 243 
152 100 162 100 
170 229 173 231 
35 82 36 85 
169 101 171 103 
123 36 128 37 
50 81 53 83 
21 221 22 225 
132 244 134 247 
125 195 128 196 
132 156 134 159 
98 115 101 117 
42 116 51 116 
67 172 76 172 
56 205 67 205 
105 140 105 151 
12 51 21 51 
172 45 175 47 
2 210 3 215 
58 230 58 239 
36 198 36 209 
104 100 106 103 
137 50 137 60 
142 159 144 162 
82 131 91 131 
89 52 99 52 
144 56 155 56 
152 146 160 146 
139 182 149 182 
13 61 16 63 
77 29 77 39 
195 39 196 43 
97 220 102 221 
131 3 131 11 
0 131 10 131 
31 141 31 151 
114 242 121 242 
86 139 86 148 
125 27 134 27 
82 79 86 80 
186 117 186 127 
114 159 125 159 
134 126 135 130 
187 203 187 210 
11 248 15 249 
24 237 25 240 
158 227 163 228 
50 95 51 99 
83 209 85 211 
32 148 37 149 
71 48 72 52 
187 38 192 39 
92 219 102 219 
138 129 149 129 
141 213 142 217 
194 32 197 33 
31 166 31 174 
105 239 106 243 
137 215 140 217 
107 41 110 42 
45 248 55 248 
38 217 39 222 
141 20 143 22 
173 133 182 133 
40 119 40 130 
156 69 165 69 
164 81 174 81 
128 142 128 152 
145 68 145 79 
47 172 54 172 
183 18 183 27 
174 91 185 91 
52 114 52 125 
91 122 96 123 
172 74 176 75 
146 196 149 198 
23 150 23 160 
139 206 149 206 
130 150 137 150 
15 171 26 171 
41 178 42 183 
148 37 157 37 
122 232 131 232 
48 72 50 74 
64 141 67 143 
131 199 134 201 
113 190 124 190 
93 157 98 158 
140 183 147 183 
56 182 61 183 
63 189 65 191 
69 199 72 201 
132 39 133 43 
84 201 87 203 
87 82 87 92 
170 150 174 151 
22 136 22 145 
85 13 86 16 
75 202 75 211 
65 27 65 38 
179 25 180 30 
148 139 157 139 
133 178 135 181 
173 114 175 116 
17 195 20 196 
29 244 39 244 
163 174 164 178 
191 75 191 84 
83 144 84 148 
198 181 198 191 
63 132 63 139 
197 100 199 103 
43 234 44 239 
157 219 157 228 
137 42 137 49 
183 53 186 55 
27 184 31 185 
128 155 129 159 
30 240 40 240 
134 225 142 225 
177 236 178 240 
116 221 125 221 
172 142 173 147 
189 182 192 184 
101 87 104 89 
172 15 174 18 
123 60 124 65 
147 95 154 95 
71 101 71 111 
156 226 156 234 
159 12 161 15 
167 140 167 149 
183 157 190 157 
46 42 49 44 
134 71 136 73 
116 29 127 29 
181 112 191 112 
144 190 153 190 
164 171 169 172 
45 15 45 26 
118 223 126 223 
135 138 135 147 
95 103 98 105 
78 231 81 232 
175 121 175 130 
170 43 179 43 
190 137 190 147 
199 162 199 169 
150 81 150 92 
85 230 96 230 
150 33 155 34 
168 186 168 194 
112 1 116 2 
114 198 114 207 
45 193 48 195 
149 188 159 188 
53 206 63 206 
151 158 154 160 
7 47 18 47 
26 133 36 133 
39 243 49 243 
163 27 166 29 
165 16 167 19 
62 10 62 21 
18 147 20 149 
174 162 182 162 
118 80 119 83 
186 178 187 181 
160 90 161 95 
138 242 140 245 
59 35 61 38 
155 62 164 62 
166 155 168 157 
194 46 194 55 
177 170 177 179 
105 211 112 211 
178 48 189 48 
143 216 146 217 
28 231 28 239 
117 114 128 114 
157 189 160 191 
197 210 197 217 
44 223 55 223 
100 86 100 97 
2 195 6 196 
138 44 141 45 
190 113 190 121 
75 7 79 8 
108 92 108 102 
160 49 160 60 
55 41 66 41 
76 126 76 137 
5 32 6 35 
19 232 22 234 
124 140 134 140 
10 126 21 126 
178 9 179 14 
197 148 199 150 
18 242 20 244 
99 203 99 213 
183 160 185 163 
146 199 147 204 
167 58 172 59 
59 93 59 103 
137 19 138 24 
172 20 175 22 
180 201 189 201 
10 83 10 92 
56 79 61 80 
25 216 26 220 
111 142 111 152 
157 143 164 143 
193 189 196 190 
198 116 199 120 
105 88 107 90 
113 159 113 168 
128 206 132 207 
190 86 198 86 
17 220 17 231 
107 236 108 241 
71 175 71 184 
196 234 197 239 
157 36 164 36 
151 63 154 65 
173 196 175 199 
28 20 28 28 
122 57 130 57 
76 204 86 204 
154 206 154 214 
181 81 184 83 
143 210 146 212 
44 213 47 214 
174 101 184 101 
159 150 167 150 
142 119 145 121 
49 211 60 211 
149 228 151 231 
76 239 77 244 
45 36 47 39 
185 221 185 231 
28 41 31 43 
78 167 87 167 
77 53 77 62 
38 227 46 227 
117 144 117 152 
173 104 181 104 
28 157 37 157 
41 149 41 160 
111 161 112 165 
179 119 179 130 
64 54 66 57 
61 245 72 245 
67 97 72 98 
119 194 119 202 
171 240 171 248 
93 66 93 73 
105 106 108 108 
53 231 56 233 
86 205 87 209 
187 24 187 33 
110 225 112 227 
63 86 68 87 
90 201 90 211 
7 176 9 179 
86 66 88 69 
108 183 118 183 
138 125 142 126 
44 177 55 177 
159 173 160 177 
169 232 171 234 
15 90 17 93 
181 77 183 80 
113 63 113 74 
90 143 95 144 
168 228 175 228 
23 179 23 187 
70 35 70 46 
45 75 50 76 
144 247 152 247 
75 249 84 249 
73 89 75 92 
10 76 18 76 
92 139 94 142 
194 8 195 13 
182 56 191 56 
133 69 133 79 
145 218 149 219 
121 195 121 206 
83 193 86 195 
182 15 182 23 
188 101 189 105 
193 113 193 123 
167 3 172 4 
112 119 112 128 
185 21 194 21 
103 2 103 12 
84 21 85 26 
86 163 88 165 
195 89 198 90 
124 153 126 155 
176 115 177 118 
106 153 106 163 
136 34 136 44 
56 84 59 85 
105 184 107 186 
108 192 117 192 
60 47 61 50 
13 127 13 138 
25 117 34 117 
132 22 135 24 
129 163 131 166 
44 184 44 194 
111 67 112 70 
52 26 52 37 
23 209 32 209 
60 237 64 238 
162 163 165 165 
154 39 155 44 
55 137 56 141 
160 119 161 123 
77 218 82 219 
152 68 154 71 
158 64 160 66 
194 107 198 108 
81 180 82 185 
38 22 38 33 
134 11 136 14 
146 83 148 86 
121 184 122 187 
50 64 53 65 
123 217 125 219 
54 49 54 59 
141 163 152 163 
97 224 97 235 
157 170 157 180 
108 58 116 58 
92 175 93 179 
195 24 195 31 
35 195 35 203 
147 164 158 164 
110 5 117 5 
38 89 38 98 
64 246 72 246 
81 199 83 201 
28 95 28 104 
94 180 98 181 
73 185 76 187 
189 142 189 150 
172 88 177 89 
151 117 153 119 
88 240 93 241 
23 192 24 196 
51 33 51 40 
8 164 13 165 
9 5 19 5 
26 136 34 136 
89 97 97 97 
82 84 83 88 
46 84 47 87 
165 58 165 68 
13 155 13 163 
100 137 104 138 
82 222 90 222 
129 186 134 187 
106 170 116 170 
164 187 166 189 
80 233 82 235 
127 239 129 241 
122 225 127 226 
11 215 12 220 
86 27 86 35 
188 127 189 132 
158 134 162 135 
171 112 172 115 
46 199 49 200 
194 211 195 215 
72 115 80 115 
163 47 171 47 
177 111 188 111 
198 243 199 248 
109 137 109 146 
190 198 192 200 
181 184 183 187 
153 199 156 200 
0 243 8 243 
15 173 25 173 
142 97 142 105 
93 207 94 211 
105 208 107 210 
167 100 177 100 
72 175 72 186 
163 105 172 105 
114 165 125 165 
185 24 186 29 
61 239 64 241 
40 235 42 238 
80 123 80 134 
58 204 69 204 
118 170 126 170 
115 223 115 232 
26 8 26 19 
113 172 122 172 
27 165 29 168 
21 10 22 14 
155 108 155 119 
108 116 117 116 
55 149 58 151 
148 104 148 112 
143 174 143 181 
143 220 154 220 
147 3 154 3 
183 6 183 16 
140 236 150 236 
58 52 58 62 
154 197 157 198 
82 176 84 179 
191 26 192 30 
71 188 74 190 
188 203 196 203 
68 215 78 215 
35 246 45 246 
23 29 25 31 
142 152 144 155 
122 129 127 130 
114 125 116 127 
128 135 136 135 
113 113 122 113 
61 159 68 159 
18 241 25 241 
72 223 83 223 
92 83 92 93 
95 127 100 128 
119 218 122 220 
156 77 156 86 
150 129 155 130 
104 244 115 244 
51 92 54 93 
181 7 181 18 
163 156 165 159 
39 199 40 203 
167 76 178 76 
136 89 146 89 
129 116 129 127 
19 38 28 38 
182 126 185 128 
99 62 99 72 
46 22 47 27 
87 119 88 124 
83 95 85 98 
118 147 118 156 
86 178 87 182 
49 146 49 156 
102 230 113 230 
78 153 81 154 
148 162 157 162 
4 51 4 62 
187 119 187 127 
122 62 122 73 
181 202 181 211 
87 234 89 237 
184 38 185 43 
48 225 55 225 
59 123 59 133 
11 125 21 125 
144 61 154 61 
56 178 58 180 
120 87 127 87 
191 4 191 14 
129 161 134 162 
84 172 94 172 
177 18 178 21 
123 202 128 203 
2 173 2 183 
40 187 42 190 
23 7 34 7 
159 5 160 9 
172 221 175 222 
174 77 178 78 
191 205 193 208 
132 118 133 123 
40 114 48 114 
167 159 171 160 
117 205 117 213 
47 201 52 202 
1 26 2 31 
145 30 145 41 
146 45 149 47 
43 93 45 96 
149 49 152 50 
34 208 35 212 
46 228 48 231 
180 195 185 196 
21 187 22 192 
0 15 2 18 
181 87 189 87 
48 184 50 186 
178 80 178 90 
37 232 47 232 
151 207 151 218 
3 236 6 238 
6 199 13 199 
189 179 192 181 
165 199 165 208 
189 175 193 176 
61 62 70 62 
141 195 152 195 
62 244 72 244 
29 124 34 125 
149 38 158 38 
170 26 173 28 
0 232 0 242 
39 1 40 6 
149 150 152 152 
55 210 65 210 
120 210 129 210 
102 229 112 229 
131 28 135 29 
48 83 48 92 
26 228 27 232 
107 220 108 225 
118 42 119 47 
168 207 168 217 
170 54 173 56 
103 176 104 181 
151 161 159 161 
84 156 86 159 
112 41 113 46 
111 45 111 53 
65 225 65 235 
55 38 58 40 
95 35 96 38 
48 128 48 139 
105 10 107 13 
166 1 166 8 
31 159 36 160 
21 247 23 249 
120 150 122 152 
164 225 174 225 
97 199 102 200 
28 85 29 89 
193 72 193 79 
38 118 38 129 
81 228 84 230 
145 23 155 23 
75 112 84 112 
2 240 13 240 
177 58 182 59 
72 69 73 74 
30 177 41 177 
101 227 109 227 
26 222 37 222 
98 167 109 167 
67 68 68 73 
96 139 97 142 
170 238 170 245 
183 217 183 227 
82 65 83 70 
134 114 134 121 
134 195 136 198 
78 180 79 184 
66 161 74 161 
178 178 180 180 
129 235 138 235 
29 142 30 146 
133 229 136 231 
133 194 143 194 
138 169 140 171 
39 18 39 25 
186 189 186 200 
156 245 165 245 
198 52 198 62 
157 93 159 95 
10 114 15 115 
192 151 199 151 
107 194 109 196 
24 40 34 40 
128 83 130 86 
3 64 4 68 
104 49 105 53 
9 235 12 237 
179 137 187 137 
100 59 101 64 
143 165 153 165 
32 151 35 153 
9 149 9 160 
141 186 142 190 
146 114 147 118 
24 99 24 108 
72 210 74 212 
114 166 116 168 
191 64 193 66 
85 175 85 185 
63 2 64 5 
113 77 113 88 
181 37 182 41 
168 135 169 140 
175 232 177 234 
150 142 160 142 
54 202 65 202 
89 191 90 196 
68 153 73 154 
53 74 64 74 
188 224 188 233 
122 84 125 85 
82 91 85 92 
6 190 9 192 
60 32 64 33 
148 113 150 115 
94 183 97 185 
7 26 12 27 
88 132 91 133 
58 126 58 134 
105 228 114 228 
67 232 67 240 
15 155 17 157 
168 93 179 93 
133 163 137 164 
63 221 65 223 
174 207 176 210 
107 83 112 84 
113 101 115 103 
130 110 131 115 
59 0 59 7 
140 233 148 233 
21 64 29 64 
151 235 152 238 
84 245 94 245 
52 167 56 168 
180 89 185 90 
120 191 120 200 
5 122 9 123 
149 185 154 186 
17 168 21 169 
136 248 141 249 
138 136 148 136 
162 50 162 58 
109 188 114 189 
161 132 169 132 
162 104 172 104 
170 188 173 189 
111 218 114 219 
6 28 16 28 
25 152 26 157 
169 34 177 34 
177 134 184 134 
1 235 2 239 
38 163 47 163 
121 161 126 162 
13 166 14 170 
78 49 87 49 
88 197 88 207 
150 183 158 183 
182 173 184 176 
4 248 9 249 
164 166 169 167 
143 59 148 60 
49 157 59 157 
81 73 83 76 
143 26 154 26 
42 203 51 203 
181 140 185 141 
11 175 16 176 
167 68 170 70 
194 125 194 134 
123 227 130 227 
74 149 79 150 
158 115 161 117 
122 139 131 139 
156 17 161 18 
28 242 38 242 
18 214 18 222 
194 97 194 106 
67 24 67 35 
182 1 182 10 
125 98 132 98 
117 160 118 163 
52 191 57 192 
137 117 139 120 
140 204 145 205 
108 64 108 73 
74 179 75 183 
4 7 13 7 
162 200 162 208 
70 145 71 148 
132 105 132 112 
33 87 37 88 
53 1 56 3 
190 8 190 18 
119 149 119 156 
19 200 22 202 
87 117 94 117 
50 133 51 137 
191 113 191 124 
7 222 8 227 
38 169 43 170 
121 188 128 188 
102 123 102 134 
45 170 49 171 
126 233 133 233 
113 114 116 115 
70 82 72 85 
161 34 165 35 
70 216 80 216 
118 174 119 178 
23 39 33 39 
102 203 103 208 
146 149 157 149 
186 6 186 14 
103 71 103 79 
180 212 181 215 
81 239 81 247 
55 122 57 124 
179 143 179 151 
196 179 196 187 
66 183 66 191 
81 174 92 174 
151 191 152 194 
197 38 198 42 
181 114 181 121 
42 113 51 113 
21 235 22 240 
165 168 175 168 
121 181 131 181 
14 54 15 58 
72 195 77 196 
3 218 3 225 
196 45 196 55 
154 153 161 153 
80 6 85 7 
164 53 167 55 
121 105 124 107 
191 218 193 220 
152 83 153 87 
113 36 115 39 
49 103 52 105 
56 75 67 75 
98 239 103 240 
93 159 94 164 
49 226 54 227 
136 90 146 90 
67 64 74 64 
105 129 116 129 
189 91 191 94 
157 31 166 31 
192 82 199 82 
3 46 6 48 
185 16 187 18 
60 197 65 198 
189 226 193 227 
166 174 166 183 
147 207 148 210 
129 13 133 14 
91 107 92 112 
104 134 107 136 
105 126 108 128 
115 59 115 70 
42 14 43 17 
160 212 160 220 
115 146 116 151 
5 15 10 16 
103 117 103 128 
57 9 64 9 
144 131 149 132 
199 19 199 28 
161 212 163 214 
140 58 148 58 
149 106 157 106 
118 125 118 134 
123 45 125 48 
74 74 74 84 
84 61 94 61 
85 242 88 243 
61 158 71 158 
24 68 27 70 
65 167 68 169 
32 76 34 78 
151 79 151 89 
109 209 114 210 
0 111 8 111 
65 51 69 52 
50 126 52 129 
51 188 51 199 
2 134 12 134 
162 221 163 224 
89 218 99 218 
91 168 99 168 
67 7 67 17 
157 41 164 41 
45 138 46 143 
67 182 70 184 
22 166 24 168 
27 135 36 135 
29 103 34 104 
136 172 139 173 
38 165 43 166 
27 214 28 217 
26 247 37 247 
87 34 91 35 
170 71 174 72 
172 159 175 160 
157 206 157 214 
78 237 78 247 
43 155 45 157 
163 71 166 73 
7 25 16 25 
107 172 108 177 
75 165 78 166 
42 77 42 85 
86 120 86 128 
146 126 148 128 
144 184 146 187 
144 11 145 15 
5 239 14 239 
151 148 161 148 
102 30 111 30 
100 213 102 216 
181 149 183 152 
100 141 101 144 
124 119 124 128 
139 72 142 74 
124 2 135 2 
49 224 57 224 
71 193 76 194 
142 30 144 32 
34 188 36 191 
156 19 157 24 
133 45 135 48 
106 94 107 99 
13 143 20 143 
51 110 56 111 
166 96 168 98 
89 42 89 51 
45 60 53 60 
136 83 137 88 
88 13 89 16 
71 70 71 80 
163 116 164 120 
39 173 49 173 
83 205 85 208 
100 65 101 70 
122 14 127 15 
77 151 85 151 
62 42 67 43 
114 136 119 137 
141 93 143 96 
95 40 100 41 
195 123 195 134 
32 218 37 219 
167 190 167 198 
116 164 126 164 
56 213 60 214 
92 237 94 239 
3 170 12 170 
29 228 30 233 
193 178 193 187 
79 10 82 12 
186 91 187 94 
154 151 159 152 
149 102 160 102 
1 114 2 119 
70 224 75 225 
171 134 173 137 
15 178 20 179 
68 126 69 130 
45 41 52 41 
123 100 133 100 
180 171 184 172 
4 37 5 42 
91 146 94 148 
116 112 127 112 
63 122 63 130 
146 70 147 74 
142 52 146 53 
82 241 83 246 
20 4 20 11 
24 198 26 200 
81 130 91 130 
52 193 56 194 
187 41 189 44 
95 146 96 150 
44 61 46 63 
121 78 124 80 
170 37 172 40 
2 124 13 124 
115 131 116 135 
109 110 111 112 
43 176 43 186 
35 48 40 49 
173 203 175 205 
46 121 48 124 
67 197 75 197 
185 114 189 115 
140 48 143 50 
183 115 183 122 
170 106 175 107 
57 44 61 45 
119 173 130 173 
93 151 98 152 
123 193 123 201 
193 97 193 107 
3 228 6 230 
0 120 8 120 
43 125 44 130 
23 218 23 226 
17 52 17 63 
31 89 33 92 
192 117 192 128 
38 148 40 150 
114 8 116 10 
139 221 147 221 
120 108 123 110 
29 72 36 72 
168 178 170 180 
141 5 142 9 
128 53 130 56 
179 191 179 201 
35 59 35 70 
189 63 190 67 
164 95 164 103 
4 189 5 192 
27 188 27 197 
28 106 28 113 
167 122 169 125 
56 90 66 90 
20 77 21 82 
54 158 57 160 
144 167 146 169 
63 207 72 207 
127 1 137 1 
168 36 169 41 
195 36 198 37 
25 205 34 205 
92 204 92 214 
106 114 111 115 
139 137 141 140 
53 97 53 106 
33 161 34 165 
16 215 17 218 
138 10 145 10 
126 211 133 211 
16 98 26 98 
192 212 193 215 
52 234 53 239 
53 200 62 200 
169 20 170 24 
146 40 151 41 
178 155 179 160 
2 145 4 147 
18 232 18 240 
122 206 124 209 
2 184 12 184 
109 22 114 23 
54 146 64 146 
100 145 101 150 
29 120 30 123 
143 214 148 215 
130 143 134 144 
91 154 94 156 
78 139 78 147 
120 176 129 176 
57 10 57 17 
3 180 8 181 
72 36 76 37 
18 94 27 94 
175 187 175 195 
40 106 50 106 
92 49 100 49 
150 126 161 126 
38 182 40 184 
19 60 19 67 
24 203 34 203 
162 145 166 146 
89 79 90 82 
152 27 153 32 
166 84 173 84 
82 164 85 166 
4 205 8 206 
54 196 58 197 
110 74 112 77 
122 191 131 191 
58 114 58 122 
171 92 182 92 
125 74 127 77 
26 101 26 109 
44 97 45 102 
105 181 115 181 
182 114 182 124 
24 161 26 164 
85 133 86 137 
111 171 120 171 
1 234 9 234 
15 110 24 110 
12 59 12 69 
59 236 59 245 
143 223 146 225 
195 173 196 178 
113 27 113 34 
126 21 128 24 
189 161 190 165 
72 203 74 206 
141 35 142 40 
126 20 136 20 
143 239 144 242 
54 113 56 116 
112 14 119 14 
63 186 65 188 
109 6 109 14 
148 204 151 205 
107 233 109 235 
36 161 47 161 
116 179 126 179 
51 72 52 77 
1 87 2 90 
100 151 100 160 
45 127 47 130 
48 182 55 182 
136 210 138 213 
178 194 178 204 
88 40 92 41 
191 40 192 44 
83 168 86 170 
25 176 29 177 
102 223 104 225 
28 44 32 45 
130 215 132 217 
88 213 90 216 
184 0 188 1 
19 121 22 123 
31 232 33 234 
118 51 118 58 
89 98 89 109 
132 79 132 90 
62 118 65 119 
124 147 126 150 
125 69 129 70 
70 1 70 10 
41 29 48 29 
189 73 190 78 
31 227 34 229 
5 62 7 65 
198 121 198 132 
13 99 14 103 
4 222 5 227 
86 83 86 94 
14 12 14 20 
53 22 53 29 
162 233 164 236 
99 184 102 185 
59 187 61 190 
26 224 28 226 
74 191 79 192 
1 133 11 133 
130 36 133 38 
46 93 48 95 
98 184 98 195 
115 95 119 96 
168 220 171 222 
137 219 140 220 
52 228 57 229 
139 49 139 59 
190 97 190 106 
118 199 118 210 
37 191 38 195 
93 58 98 59 
176 134 176 145 
12 192 14 194 
55 220 58 221 
150 243 153 245 
28 220 32 221 
40 164 48 164 
149 209 150 214 
121 138 130 138 
173 6 181 6 
52 148 54 151 
3 143 8 144 
47 17 48 21 
33 193 34 198 
110 137 111 140 
19 44 20 49 
165 90 168 92 
196 121 196 130 
178 51 183 52 
149 123 151 125 
142 234 151 234 
137 142 137 149 
174 58 174 67 
113 216 124 216 
138 87 143 88 
71 151 76 152 
10 219 10 229 
169 6 172 8 
96 161 98 163 
0 58 1 63 
109 153 112 155 
194 154 197 156 
37 205 37 215 
6 0 17 0 
23 130 24 134 
85 59 92 59 
178 61 181 63 
16 102 20 103 
88 27 90 30 
76 117 77 122 
152 122 154 124 
40 16 40 23 
95 206 96 210 
43 85 44 88 
39 205 42 206 
93 12 95 14 
78 221 87 221 
2 200 2 209 
188 57 192 58 
45 237 46 240 
98 85 99 89 
136 113 141 114 
15 194 16 197 
72 104 74 106 
169 216 172 218 
89 187 94 188 
138 1 141 2 
63 214 64 217 
82 29 84 31 
13 151 14 154 
149 175 153 176 
176 156 177 159 
139 19 140 23 
172 244 173 247 
192 145 193 148 
109 92 109 101 
179 2 181 4 
120 228 129 228 
90 115 94 116 
14 43 16 45 
27 76 27 86 
102 24 106 25 
174 23 178 24 
29 147 30 152 
25 76 25 85 
14 159 15 163 
90 56 101 56 
153 96 156 97 
71 234 79 234 
178 163 180 165 
132 127 133 132 
104 232 104 241 
194 92 197 94 
170 98 179 98 
168 49 169 53 
107 48 109 51 
96 143 99 145 
54 13 54 24 
169 152 173 153 
133 63 135 66 
70 229 71 232 
134 165 135 170 
107 143 107 152 
59 51 60 56 
183 65 186 67 
109 177 114 178 
127 50 130 52 
53 67 62 67 
80 36 91 36 
197 197 197 208 
155 154 163 154 
102 142 102 149 
27 16 27 24 
138 199 139 204 
30 215 33 216 
193 14 195 16 
70 164 72 167 
175 12 177 14 
143 122 148 123 
72 59 73 62 
100 173 100 182 
85 223 90 224 
7 171 12 172 
18 55 28 55 
169 99 177 99 
180 94 184 95 
110 236 115 237 
154 47 155 51 
107 155 107 166 
144 139 144 148 
49 77 49 88 
162 77 163 82 
0 36 1 41 
58 21 60 23 
44 183 55 183 
167 29 176 29 
175 112 179 113 
82 231 87 232 
129 168 132 170 
159 81 160 85 
74 236 74 243 
185 207 186 211 
173 117 175 119 
105 16 116 16 
114 158 121 158 
16 29 20 30 
131 173 134 175 
181 70 184 72 
69 131 71 133 
184 113 184 122 
106 138 108 140 
77 108 79 110 
139 223 142 224 
34 216 44 216 
174 136 174 146 
166 112 167 117 
136 106 138 108 
8 44 12 45 
196 4 196 15 
98 112 101 114 
33 54 40 54 
126 30 129 32 
68 138 68 145 
3 100 5 103 
140 228 141 232 
103 40 105 42 
151 103 162 103 
108 146 108 156 
187 167 190 168 
106 131 110 132 
131 153 133 155 
145 19 155 19 
32 50 35 51 
11 40 12 43 
11 91 12 94 
194 191 196 193 
25 125 26 128 
87 147 89 150 
5 80 16 80 
108 86 110 88 
22 42 22 50 
32 137 33 142 
120 237 123 239 
19 215 20 219 
41 51 44 53 
126 119 127 124 
36 241 43 241 
77 208 79 211 
43 31 47 32 
168 10 168 20 
66 230 66 240 
114 87 119 88 
176 38 179 40 
111 95 111 102 
171 169 173 172 
76 212 81 213 
125 141 127 144 
110 91 115 92 
47 235 48 240 
66 171 77 171 
163 199 163 208 
92 136 95 137 
61 98 61 106 
50 163 57 163 
21 52 29 52 
148 200 151 201 
161 1 162 5 
168 116 169 120 
120 20 121 25 
149 5 153 6 
21 133 21 141 
59 59 64 60 
98 171 101 172 
85 112 86 117 
166 206 166 216 
5 137 8 139 
4 162 6 165 
119 30 122 32 
19 246 26 246 
150 10 152 12 
171 155 174 157 
91 191 93 194 
54 235 57 237 
151 14 152 18 
153 0 161 0 
133 83 135 86 
50 5 54 6 
12 48 17 49 
124 110 129 111 
89 248 92 249 
7 72 9 75 
155 30 165 30 
6 125 8 127 
120 81 130 81 
120 115 125 116 
32 106 39 106 
109 36 110 40 
94 65 94 73 
31 131 36 132 
81 152 89 152 
115 107 116 111 
120 146 123 148 
124 92 131 92 
90 96 99 96 
18 129 18 138 
36 164 36 173 
185 118 185 125 
138 16 141 18 
70 124 72 126 
139 107 141 109 
82 188 86 189 
198 73 199 76 
113 138 118 139 
43 205 53 205 
103 155 104 158 
165 48 166 52 
158 204 158 212 
168 164 172 165 
135 3 136 7 
129 15 140 15 
152 155 161 155 
13 31 14 36 
197 0 199 3 
19 153 20 158 
155 72 155 81 
4 10 6 13 
102 226 109 226 
177 189 177 200 
115 41 117 43 
86 23 91 24 
101 37 101 46 
102 94 103 98 
57 24 65 24 
44 148 47 150 
168 0 179 0 
182 216 182 224 
197 113 199 115 
190 32 192 34 
19 78 19 87 
168 61 173 62 
188 79 189 84 
78 28 79 33 
118 99 118 107 
61 167 61 175 
64 132 64 140 
51 91 58 91 
62 183 62 191 
122 91 122 102 
96 165 104 165 
116 90 119 92 
35 26 35 37 
172 49 175 51 
184 22 192 22 
31 57 41 57 
135 202 136 207 
86 7 87 11 
175 137 175 147 
68 20 77 20 
128 5 130 8 
153 45 153 55 
27 46 31 47 
60 193 69 193 
102 105 112 105 
185 46 189 47 
94 86 94 94 
76 93 76 104 
62 220 71 220 
116 228 116 239 
152 179 154 181 
68 56 71 57 
116 26 119 28 
98 223 99 228 
166 45 170 46 
15 119 18 121 
102 212 111 212 
149 43 153 44 
189 4 189 13 
70 99 70 108 
4 148 15 148 
44 35 44 45 
160 160 161 164 
66 202 73 202 
152 79 153 82 
108 204 109 207 
157 11 166 11 
101 174 101 181 
60 132 60 141 
174 7 177 9 
154 52 158 53 
3 112 3 119 
162 114 162 124 
169 127 174 128 
42 5 47 6 
196 165 197 169 
129 97 140 97 
74 198 78 199 
132 94 140 94 
148 151 148 161 
63 156 72 156 
125 40 130 41 
127 161 128 166 
39 212 42 214 
155 169 156 173 
101 241 102 245 
48 12 49 16 
5 8 16 8 
4 199 5 204 
24 148 28 149 
51 107 60 107 
172 180 172 187 
84 160 87 162 
3 71 11 71 
147 25 158 25 
76 24 79 26 
64 111 66 114 
99 78 100 83 
118 1 119 6 
146 94 146 103 
116 123 120 124 
12 1 14 3 
14 202 17 204 
170 139 173 141 
88 84 88 95 
2 94 6 95 
161 229 164 230 
119 74 123 75 
139 121 141 124 
165 77 173 77 
63 63 71 63 
81 13 81 22 
66 163 69 165 
163 123 164 128 
157 158 162 159 
59 209 69 209 
7 84 8 89 
16 27 23 27 
155 101 162 101 
77 13 78 18 
90 103 92 106 
172 232 174 234 
65 95 72 95 
103 146 103 154 
117 244 121 245 
173 36 176 37 
145 153 146 158 
20 162 21 166 
94 78 95 83 
121 43 130 43 
57 142 62 143 
146 22 155 22 
82 124 85 125 
57 46 65 46 
173 236 176 238 
188 24 188 34 
71 15 73 17 
116 0 125 0 
122 16 122 24 
198 24 198 35 
123 18 126 19 
155 211 156 214 
80 42 82 45 
2 72 2 81 
193 149 196 150 
127 199 130 200 
163 5 165 7 
62 103 67 104 
122 53 123 56 
74 155 79 156 
100 73 102 75 
115 185 117 187 
103 217 105 220 
75 73 75 82 
3 160 7 161 
180 74 182 76 
9 218 9 228 
149 96 151 99 
101 96 101 106 
131 195 133 198 
28 192 31 193 
12 208 23 208 
138 35 140 38 
106 1 108 4 
105 55 105 62 
20 67 20 76 
17 174 20 176 
51 89 62 89 
53 68 61 68 
139 83 143 84 
13 211 14 216 
119 204 119 213 
131 176 136 177 
58 69 60 72 
52 8 62 8 
7 23 11 24 
125 134 127 137 
53 203 63 203 
92 6 94 8 
29 109 37 109 
58 226 59 229 
34 119 36 122 
62 88 73 88 
95 85 96 90 
171 97 179 97 
21 3 26 4 
0 88 0 97 
141 177 142 181 
126 101 136 101 
143 115 145 117 
115 93 119 94 
15 96 25 96 
77 185 78 190 
131 31 140 31 
157 42 160 44 
111 191 119 191 
84 57 89 58 
145 171 153 171 
76 180 77 184 
1 166 10 166 
143 105 145 108 
81 142 82 145 
57 144 62 145 
18 204 28 204 
11 52 11 61 
178 138 180 141 
117 45 117 56 
103 112 105 114 
106 6 108 9 
148 116 149 120 
52 174 55 175 
78 95 80 97 
25 17 25 27 
157 127 159 129 
141 69 143 71 
0 140 0 151 
109 184 119 184 
45 109 49 110 
36 61 36 71 
135 69 138 70 
115 33 118 35 
176 120 176 131 
81 156 82 161 
74 123 76 125 
88 219 90 221 
100 31 109 31 
14 141 17 142 
130 239 141 239 
40 135 47 135 
140 196 142 198 
68 106 68 113 
1 99 1 110 
82 0 83 3 
76 161 79 163 
131 69 131 80 
103 69 107 70 
18 41 25 41 
79 139 79 147 
146 35 147 39 
144 4 151 4 
98 233 99 236 
172 65 173 69 
126 46 129 48 
50 57 53 59 
162 88 171 88 
170 166 178 166 
24 59 25 63 
70 116 72 119 
17 159 21 160 
2 107 13 107 
141 207 142 212 
139 135 150 135 
12 108 22 108 
43 75 43 84 
174 84 177 86 
119 39 130 39 
32 128 37 129 
88 142 89 146 
178 32 180 34 
130 116 130 127 
138 3 143 4 
121 35 129 35 
175 15 177 17 
145 193 149 194 
168 173 171 174 
191 189 192 192 
53 132 57 133 
130 219 131 223 
102 60 103 65 
152 205 152 212 
117 168 128 168 
147 5 147 16 
18 7 19 11 
181 34 186 35 
136 91 139 92 
5 187 15 187 
142 138 151 138 
24 74 29 75 
187 173 188 176 
115 196 116 201 
83 40 86 41 
157 72 161 73 
123 99 132 99 
73 173 75 175 
37 237 39 239 
43 64 44 68 
78 78 87 78 
153 110 154 115 
144 179 147 181 
7 186 14 186 
152 88 153 93 
31 100 42 100 
162 14 162 25 
125 118 125 127 
186 214 189 216 
60 150 71 150 
13 233 14 236 
30 83 33 85 
113 141 113 152 
188 60 188 67 
123 231 131 231 
170 181 171 185 
78 79 79 83 
186 72 186 80 
64 58 75 58 
53 41 54 46 
62 196 71 196 
81 61 81 71 
161 187 161 195 
59 78 69 78 
77 98 79 101 
170 161 173 162 
22 206 33 206 
94 23 95 26 
167 126 168 131 
38 47 47 47 
8 193 9 196 
122 195 122 203 
46 100 47 105 
28 171 29 175 
121 122 121 132 
105 182 116 182 
99 26 102 28 
122 133 123 137 
131 145 134 146 
114 80 115 85 
32 186 39 186 
42 167 47 168 
130 60 135 61 
151 67 160 67 
186 96 189 98 
147 141 149 143 
182 189 183 193 
16 144 17 148 
48 30 51 32 
114 63 114 74 
129 133 132 134 
29 20 29 28 
46 77 47 82 
139 63 141 65 
15 35 16 40 
53 142 56 144 
1 202 1 209 
68 23 70 26 
110 7 110 15 
11 189 14 191 
28 218 31 219 
155 134 157 136 
41 220 43 222 
128 137 137 137 
18 0 21 2 
98 46 100 48 
80 207 81 210 
144 37 144 46 
30 9 31 14 
49 46 50 51 
73 47 83 47 
67 217 77 217 
30 58 33 59 
117 78 120 79 
182 138 186 139 
80 54 80 65 
111 197 111 208 
98 174 99 177 
94 53 97 55 
93 30 96 32 
39 189 39 196 
133 99 140 99 
16 180 20 181 
156 39 164 39 
19 114 23 115 
170 11 174 12 
102 6 102 14 
84 70 86 73 
63 94 63 102 
110 49 110 57 
150 107 154 108 
41 35 41 46 
105 20 113 20 
28 153 30 156 
105 179 110 180 
78 86 81 88 
104 95 105 99 
42 49 46 50 
85 99 88 101 
37 103 39 105 
0 56 3 57 
179 50 189 50 
85 233 94 233 
8 209 13 210 
72 127 75 129 
150 145 161 145 
8 64 9 68 
121 58 131 58 
116 73 118 75 
127 189 130 190 
65 5 65 14 
52 13 53 17 
146 7 146 18 
65 174 66 178 
78 50 83 51 
30 96 32 99 
25 36 32 36 
21 214 22 219 
52 78 55 79 
111 34 111 43 
127 59 129 62 
73 22 74 26 
48 35 49 39 
136 141 136 149 
162 173 162 181 
78 124 78 133 
98 0 100 3 
159 139 164 140 
187 147 188 152 
134 49 135 52 
30 168 30 176 
38 12 47 12 
93 36 94 40 
111 59 113 62 
76 65 76 73 
56 242 58 244 
6 140 16 140 
41 117 41 126 
158 96 161 97 
93 42 100 42 
127 184 132 185 
70 168 73 170 
87 76 91 77 
20 127 21 132 
32 191 32 201 
23 140 23 149 
63 47 66 49 
84 8 84 16 
180 156 181 161 
119 62 119 73 
127 26 138 26 
61 117 61 128 
36 28 36 37 
33 21 33 29 
57 73 66 73 
135 119 136 123 
60 2 62 5 
76 27 76 34 
159 74 169 74 
56 222 59 223 
48 204 56 204 
74 232 77 233 
125 208 135 208 
125 238 126 243 
68 239 71 241 
177 44 185 44 
54 32 56 34 
127 25 136 25 
113 104 114 109 
42 56 42 64 
16 213 24 213 
56 10 56 18 
29 93 29 101 
19 56 20 59 
90 119 90 128 
0 185 9 185 
1 158 1 165 
126 218 128 221 
37 32 37 42 
68 185 69 189 
54 187 58 188 
150 141 161 141 
41 3 41 11 
47 196 50 198 
112 196 112 205 
34 142 35 146 
137 151 137 162 
3 30 3 40 
125 6 127 8 
94 199 95 203 
105 0 114 0 
72 55 76 56 
49 62 54 63 
34 176 42 176 
134 32 134 41 
69 37 69 46 
4 246 15 246 
104 201 105 206 
168 31 173 32 
3 75 6 76 
4 109 12 109 
102 42 102 49 
59 76 69 76 
52 154 63 154 
76 205 79 207 
54 218 59 219 
134 79 138 80 
153 11 154 14 
123 94 125 97 
83 191 86 192 
83 54 83 62 
7 11 10 13 
95 119 98 121 
132 124 136 125 
86 196 87 200 
4 214 5 219 
3 130 12 130 
46 155 47 160 
46 180 53 180 
168 78 173 79 
1 139 1 146 
156 54 159 56 
124 93 133 93 
183 228 183 235 
184 143 184 152 
165 13 167 15 
119 100 121 103 
82 215 86 216 
156 107 158 110 
150 109 152 112 
144 78 144 88 
1 169 10 169 
96 93 99 95 
7 37 7 46 
160 37 165 38 
153 147 160 147 
93 99 98 100 
126 44 135 44 
28 158 30 161 
56 59 57 63 
168 146 170 149 
193 87 194 91 
9 146 13 147 
90 88 91 92 
166 56 169 57 
78 200 79 203 
27 114 35 114 
80 25 80 32 
163 44 173 44 
168 80 177 80 
148 189 155 189 
6 156 8 158 
64 163 65 166 
157 233 158 238 
96 18 96 28 
115 120 118 122 
145 159 147 162 
79 120 79 129 
70 114 81 114 
184 178 185 181 
190 41 190 52 
132 8 133 11 
57 28 58 33 
0 64 1 68 
38 38 40 41 
113 18 121 18 
161 42 162 47 
21 66 22 71 
156 1 158 3 
0 221 1 225 
77 67 77 78 
76 224 77 228 
31 126 34 127 
113 199 113 206 
24 178 33 178 
82 81 84 83 
0 156 4 157 
108 24 119 24 
93 85 93 95 
98 131 99 135 
138 52 138 60 
180 143 180 151 
84 186 87 187 
112 222 122 222 
37 230 41 231 
11 85 13 87 
159 198 160 201 
65 91 67 94 
72 27 73 31 
175 223 176 226 
67 18 76 18 
175 31 186 31 
2 217 2 224 
0 191 0 202 
92 69 92 76 
194 22 194 31 
42 121 45 123 
37 90 37 98 
30 235 31 238 
15 205 19 206 
42 208 46 209 
91 16 102 16 
44 71 46 74 
27 15 36 15 
173 109 174 113 
187 5 187 15 
67 174 68 178 
115 50 116 53 
66 224 67 228 
0 126 5 127 
62 152 69 152 
3 175 4 178 
139 185 140 188 
130 32 132 35 
42 150 43 153 
166 64 169 65 
3 78 3 88 
148 70 150 72 
108 79 111 81 
112 138 112 147 
150 137 159 137 
3 121 13 121 
38 34 49 34 
181 25 182 29 
39 64 41 67 
42 9 45 11 
155 26 157 29 
165 190 165 197 
87 155 89 157 
16 160 16 167 
92 220 93 225 
144 62 152 62 
41 20 44 22 
87 169 89 171 
75 111 86 111 
123 185 126 187 
144 94 145 99 
101 232 103 234 
101 119 101 128 
99 97 99 107 
22 152 22 160 
112 54 116 55 
127 67 135 67 
8 31 8 39 
7 173 10 175 
72 99 74 102 
4 116 7 118 
173 4 178 5 
82 129 91 129 
143 38 143 46 
40 151 40 160 
49 19 49 29 
97 11 98 15 
184 184 186 187 
33 213 36 214 
